115154.357093, 0.2161907342626278 
115154.47917320461, 0.023722353760534994 
115154.60125340926, 0.10563312383691058 
115154.72333361387, -0.049148788966642716 
115154.84541381849, 0.07325281936505644 
115154.9674940231, 0.06601670409801039 
115155.08957422774, 0.03906176924323517 
115155.21165443235, -0.051804363432045156 
115155.33373463697, 0.012556095986488982 
115155.45581484158, 0.008799093847792445 
115155.57789504621, 0.04383807442844957 
115155.69997525083, 0.15502444006190202 
115155.82205545544, 0.18656203996054316 
115155.94413566007, -0.02180193204371309 
115156.0662158647, 0.10568212013192152 
115156.18829606932, 0.02193057123183446 
115156.31037627393, 0.08357913259614046 
115156.43245647855, -0.09554552836713116 
115156.55453668318, -0.07815359903695876 
115156.6766168878, -0.16629966725925457 
115156.79869709241, -0.2043059748279063 
115156.92077729703, -0.3623813312498085 
115157.04285750166, 0.0229377656377325 
115157.16493770627, -0.1903467006272097 
115157.28701791089, -0.25206603877948164 
115157.40909811552, 0.062066744535608204 
115157.53117832015, 0.12699449994690826 
115157.65325852476, 0.05972295012541058 
115157.77533872938, -0.12411803545618869 
115157.897418934, -0.0844738725194357 
115158.01949913862, -0.18710857511778847 
115158.14157934324, -0.13100913143037562 
115158.26365954785, 0.009288039044373989 
115158.38573975247, 0.061684559755639065 
115158.5078199571, 0.0853944875362839 
115158.62990016172, -0.2908868400956492 
115158.75198036635, -0.05833021290454171 
115158.87406057096, 0.17126669620449758 
115158.99614077559, 0.11095793201606277 
115159.1182209802, -0.1596622924406694 
115159.24030118482, 0.01869505230586306 
115159.36238138944, 0.026595172986181588 
115159.48446159407, -0.26985137952869814 
115159.60654179868, -0.1301822021864309 
115159.7286220033, 0.14367894691961566 
115159.85070220791, 0.4322319732728729 
115159.97278241254, 0.19946239933277826 
115160.09486261716, 0.06340795103508028 
115160.21694282179, 0.011925919355139458 
115160.3390230264, -0.05880152050256232 
115160.46110323103, -0.08339807972442013 
115160.58318343565, 0.11245958127698762 
115160.70526364027, 0.048045294364780125 
115160.82734384488, 0.2470181244639365 
115160.94942404951, 0.059128856691544183 
115161.07150425413, 0.0698965537682625 
115161.19358445874, -0.11274839541200238 
115161.31566466336, 0.13504345778659657 
115161.43774486799, 0.16104756891511962 
115161.55982507262, -0.013152703963627938 
115161.68190527723, -0.08780052165427918 
115161.80398548185, -0.02259674077495969 
115161.92606568648, -0.09042135437874033 
115162.0481458911, -0.14495957936587633 
115162.17022609571, 0.016767903181651087 
115162.29230630033, -0.0011708204919713627 
115162.41438650496, 0.05634105521551449 
115162.53646670957, 0.09340214975530126 
115162.65854691419, 0.08179797451358482 
115162.7806271188, 0.04837136785256693 
115162.90270732343, 0.06615561132259672 
115163.02478752806, -0.13615874428005142 
115163.14686773268, -0.1817330269088938 
115163.2689479373, 0.07859002027929744 
115163.39102814192, 0.221215034935952 
115163.51310834654, -0.04946171379157623 
115163.63518855115, -0.01833914352834408 
115163.75726875577, 0.030812715515125523 
115163.8793489604, -0.036240649062126234 
115164.00142916501, 0.3565628566450392 
115164.12350936963, 0.3268652439522045 
115164.24558957425, 0.10695736704059668 
115164.36766977889, -0.12901267490311613 
115164.4897499835, -0.03145833354885505 
115164.61183018812, -0.09803869652718462 
115164.73391039274, 0.03131671405977092 
115164.85599059737, -0.03363889859744343 
115164.97807080198, -0.07708567954915285 
115165.1001510066, -0.016435939297680523 
115165.22223121121, -0.07559933637186989 
115165.34431141584, -0.11827299834839282 
115165.46639162046, -0.3201892985633261 
115165.58847182507, 0.12181878331881936 
115165.71055202969, 0.2565878599693826 
115165.83263223432, -0.019962629515632487 
115165.95471243895, -0.1745274035173089 
115166.07679264357, -0.22706059788838132 
115166.19887284818, -0.2292101864316664 
115166.3209530528, -0.048812269584526995 
115166.44303325743, 0.17416222780857596 
115166.56511346204, 0.2240720502941225 
115166.68719366666, 0.12246143524065266 
115166.80927387127, 0.18677726544057463 
115166.9313540759, 0.23903799419716507 
115167.05343428052, 0.2613455984847138 
115167.17551448515, -0.1185428826112433 
115167.29759468976, 0.09945863344419348 
115167.4196748944, -0.041083024983737955 
115167.54175509901, -0.12112799882791926 
115167.66383530363, -0.03670124470027006 
115167.78591550824, -0.046531893169886505 
115167.90799571287, -0.2272393394402177 
115168.03007591749, 0.02417162815461726 
115168.1521561221, 0.021557009797108354 
115168.27423632672, 0.12569836606461401 
115168.39631653135, -0.12687609736259786 
115168.51839673596, -0.12124363109780566 
115168.64047694059, 0.11347004449539641 
115168.76255714521, -0.008861205753192459 
115168.88463734984, -0.04108848716773169 
115169.00671755445, 0.10898654433507098 
115169.12879775907, -0.17632763658083928 
115169.25087796368, -0.015831617053567604 
115169.37295816831, -0.14021318446720069 
115169.49503837293, 0.004642867699175702 
115169.61711857755, 0.1383284203348138 
115169.73919878216, 0.23394120434119794 
115169.86127898679, 0.16496854503447048 
115169.98335919142, 0.32343587277834646 
115170.10543939604, 0.21971741945362044 
115170.22751960065, 0.17043357416620336 
115170.34959980528, 0.13426294193306504 
115170.4716800099, 0.005739028441799556 
115170.59376021451, 0.2150094754027582 
115170.71584041913, 0.34894763181781935 
115170.83792062376, 0.16219857899897402 
115170.96000082837, 0.17433068189855205 
115171.08208103299, 0.39332172870844084 
115171.2041612376, 0.27158057818995457 
115171.32624144224, 0.01457234666963074 
115171.44832164687, -0.15597049579371533 
115171.57040185148, -0.03627142825590154 
115171.6924820561, -0.16017436680393388 
115171.81456226073, -0.24432592772828557 
115171.93664246534, -0.14309906006850637 
115172.05872266996, -0.09107017334223216 
115172.18080287457, 0.04090995881667572 
115172.3028830792, -0.12340015135272969 
115172.42496328382, -0.08402354095423009 
115172.54704348843, -0.02485564081338679 
115172.66912369305, -0.19423014916287507 
115172.7912038977, -0.2628200956511446 
115172.91328410231, -0.2916362551659029 
115173.03536430692, -0.2749088551201243 
115173.15744451154, 0.13888483916017372 
115173.27952471617, 0.10940599174740463 
115173.40160492079, 0.09936126096028641 
115173.5236851254, -0.003142838885868971 
115173.64576533002, -0.00835971117144267 
115173.76784553465, -0.05341027006729303 
115173.88992573926, -0.04776198526182391 
115174.01200594388, 0.024958200827236373 
115174.13408614851, -0.22972606382752303 
115174.25616635314, -0.13811104730183074 
115174.37824655775, -0.13478466347543466 
115174.50032676237, -0.1799533988101774 
115174.62240696698, -0.2880113897760894 
115174.74448717161, -0.2788606605601303 
115174.86656737623, -0.01394195084245852 
115174.98864758085, -0.06349553635195998 
115175.11072778546, -0.024849399955444936 
115175.23280799009, 0.012947412480888454 
115175.3548881947, 0.1898984139710608 
115175.47696839932, 0.008028287030861843 
115175.59904860395, -0.2465841931693565 
115175.72112880858, -0.10794609469259278 
115175.8432090132, -0.06485917498960432 
115175.96528921781, 0.0805666019508019 
115176.08736942243, -0.0956708138668954 
115176.20944962706, 0.07977263342575497 
115176.33152983167, -0.023616558269120853 
115176.45361003629, 0.11029245759364235 
115176.5756902409, 0.18726542883981317 
115176.69777044553, -0.009022527495293342 
115176.81985065015, 0.0364885512002223 
115176.94193085478, 0.20958931202289213 
115177.0640110594, -0.12830940971425867 
115177.18609126403, 0.07985237801534034 
115177.30817146864, 0.25107668209883466 
115177.43025167326, 0.1345860698974513 
115177.55233187787, 0.04896905008377492 
115177.6744120825, -0.2085218269728063 
115177.79649228712, -0.040675483836994646 
115177.91857249173, 0.049137903680769986 
115178.04065269635, -0.1528123714651621 
115178.16273290098, 0.11082869768269425 
115178.2848131056, 0.015494737440796092 
115178.40689331022, 0.06900908694036383 
115178.52897351485, -0.19519525027109047 
115178.65105371948, -0.19005521226922678 
115178.7731339241, -0.014046253328247835 
115178.89521412872, 0.0661500169689944 
115179.01729433333, 0.14764126566583713 
115179.13937453795, 0.11533815281785702 
115179.26145474258, -0.039363992266812774 
115179.38353494719, -0.11723175051259795 
115179.50561515181, -0.06229125752610438 
115179.62769535644, -0.097897812871768 
115179.74977556107, -0.12750581839043845 
115179.87185576568, 0.13198497728427347 
115179.9939359703, -0.08335439814934062 
115180.11601617491, -0.18690181666799352 
115180.23809637954, 0.023388524626140467 
115180.36017658416, 0.03295049007148504 
115180.48225678877, 0.0996162275647385 
115180.60433699339, -0.10978145738609761 
115180.72641719802, 0.022504001465252017 
115180.84849740264, 0.18865083941592178 
115180.97057760725, 0.05300448636907392 
115181.09265781188, -0.08465208706909698 
115181.21473801651, -0.28180516805848893 
115181.33681822113, -0.04154426431893184 
115181.45889842574, -0.0016492251703317906 
115181.58097863036, 0.08510593667054947 
115181.70305883499, 0.07085956158796199 
115181.8251390396, 0.16421814483946381 
115181.94721924422, -0.07974207812420413 
115182.06929944883, -0.056319187544249055 
115182.19137965346, -0.18149467432015448 
115182.31345985808, -0.09038307037730776 
115182.4355400627, 0.15873114358161206 
115182.55762026733, -0.02856161158440364 
115182.67970047196, -0.16948554979817376 
115182.80178067657, -0.03304242337368418 
115182.92386088119, 0.05029685686319382 
115183.0459410858, -0.038982157736104125 
115183.16802129043, -0.19611702068831247 
115183.29010149505, -0.1215512299527781 
115183.41218169966, 0.009761613385017319 
115183.53426190428, 0.011839086699221166 
115183.65634210891, -0.07546270146166367 
115183.77842231352, 0.008658461593743881 
115183.90050251815, 0.13975224223732174 
115184.02258272277, -0.06061968296730793 
115184.1446629274, -0.024222057004101103 
115184.26674313202, 0.031916502952479414 
115184.38882333663, -0.046108897065982625 
115184.51090354125, 0.06258952710264769 
115184.63298374588, 0.005795164331107554 
115184.75506395049, -0.2017859801906776 
115184.8771441551, -0.15748822813012597 
115184.99922435972, 0.09709434671615522 
115185.12130456435, -0.06243453450104581 
115185.24338476898, -0.20705802560333086 
115185.3654649736, 0.089058901839536 
115185.48754517821, 0.01150426903961833 
115185.60962538284, -0.08039618570714074 
115185.73170558746, -0.0859931005266053 
115185.85378579207, -0.24228403540211116 
115185.97586599669, -0.14048016625899623 
115186.09794620132, 0.09490847872109147 
115186.22002640594, 0.10852422750120758 
115186.34210661055, 0.25673276285144864 
115186.46418681517, 0.07924721161802109 
115186.5862670198, -0.16622585259304434 
115186.70834722443, -0.14194119312472425 
115186.83042742904, -0.18174711111096453 
115186.95250763366, -0.21790692406482964 
115187.07458783829, -0.32927780991428046 
115187.1966680429, 0.03956743235638827 
115187.31874824752, -0.034522676186194895 
115187.44082845213, 0.06116713153487176 
115187.56290865676, -0.008747756506375355 
115187.68498886138, -0.1891879689031613 
115187.807069066, -0.020447511048734296 
115187.92914927061, -0.029081681486860318 
115188.05122947526, 0.25475248140978624 
115188.17330967987, 0.20352977229475194 
115188.29538988449, -0.08001553744881776 
115188.4174700891, -0.24412897515888887 
115188.53955029373, 0.08086735814020671 
115188.66163049835, -0.1357958929700097 
115188.78371070296, -0.2131280063554781 
115188.90579090758, -0.11792504307346613 
115189.02787111221, -0.02724514650393175 
115189.14995131682, 0.12247221359459103 
115189.27203152144, 0.07867062841012137 
115189.39411172605, 0.1335291084060718 
115189.5161919307, 0.23739853695034596 
115189.63827213531, 0.1607956058853287 
115189.76035233993, 0.056159409780913265 
115189.88243254455, 0.36354146067809084 
115190.00451274918, 1.010568200226408 
115190.12659295379, 1.2357483124350939 
115190.2486731584, 1.4666566898072064 
115190.37075336302, 1.519678749566148 
115190.49283356765, 1.793569095459674 
115190.61491377227, 1.9735437413191579 
115190.73699397688, 2.300800053865582 
115190.85907418151, 2.5354440682692196 
115190.98115438614, 2.617422202156492 
115191.10323459076, 2.382039465741018 
115191.22531479537, 2.136321449762084 
115191.34739499999, 1.6035122323785802 
115191.46947520462, 1.1144278433887627 
115191.59155540924, 0.7371538264131265 
115191.71363561385, 0.5150793525864039 
115191.83571581847, 0.4263552919612819 
115191.9577960231, 0.659138483837504 
115192.07987622771, 0.4613342010142407 
115192.20195643233, 0.24232613338705522 
115192.32403663696, 0.5268860684998584 
115192.44611684159, 0.37938680335144825 
115192.5681970462, 0.4160461096911384 
115192.69027725082, 0.0916934599297914 
115192.81235745543, -0.3340890438142571 
115192.93443766006, -1.107321280484278 
115193.05651786468, -1.8131595981392998 
115193.1785980693, -1.5704645418043273 
115193.30067827391, -1.619378247451258 
115193.42275847854, -1.7201482378679558 
115193.54483868316, -1.5531633591637533 
115193.66691888779, -1.7329819370652806 
115193.7889990924, -1.7796674588694348 
115193.91107929702, -1.3714311929122776 
115194.03315950165, -1.0916763339550084 
115194.15523970626, -1.213407927421246 
115194.27731991088, -1.166351933689632 
115194.3994001155, -0.906766689291921 
115194.52148032012, -0.8471835549770662 
115194.64356052474, -0.7229276025821553 
115194.76564072935, -0.8041336541585072 
115194.88772093397, -0.9090177857607179 
115195.0098011386, -1.0553201417902311 
115195.13188134323, -1.0329383895130733 
115195.25396154785, -0.9056356459382487 
115195.37604175246, -0.706584416822144 
115195.49812195709, -0.6545897074860949 
115195.6202021617, -0.5605334627618728 
115195.74228236632, -0.5363682086180187 
115195.86436257094, -0.5269312652991842 
115195.98644277557, -0.4894990515219409 
115196.10852298018, -0.352063062867554 
115196.2306031848, -0.06112788549717187 
115196.35268338941, 0.06888962452725843 
115196.47476359406, 0.3112545976244882 
115196.59684379867, 0.4608942804715339 
115196.71892400329, 0.8320323387048383 
115196.8410042079, 1.0730191562693745 
115196.96308441253, 1.0537763532204476 
115197.08516461715, 0.7293792005369313 
115197.20724482177, 0.023055747804067047 
115197.32932502638, -0.6186198695396713 
115197.45140523101, -0.7653516455392351 
115197.57348543563, -0.9942351352779363 
115197.69556564024, -0.5571869390618088 
115197.81764584486, -0.5878852451517261 
115197.9397260495, -0.8921422184875454 
115198.06180625412, -0.682248988950229 
115198.18388645873, -0.6951930012633207 
115198.30596666335, -0.5785020472930367 
115198.42804686798, -0.6519558875567246 
115198.5501270726, -0.7048581309382435 
115198.67220727721, -0.4622545948683955 
115198.79428748183, -0.8351028184962074 
115198.91636768646, -0.8210800129291232 
115199.03844789107, -0.9389646820522217 
115199.16052809569, -1.18254474719775 
115199.28260830032, -1.2272313174403269 
115199.40468850495, -1.0092356706774643 
115199.52676870956, -0.6133112239789049 
115199.64884891418, -0.7779184171714966 
115199.7709291188, -0.8951673970142575 
115199.89300932342, -0.6329611371471084 
115200.01508952804, -0.4882675490801543 
115200.13716973265, -0.09038382641778529 
115200.25924993727, 0.3312465237415519 
115200.3813301419, 0.710591743259875 
115200.50341034652, 0.5981268070985521 
115200.62549055113, 0.3367851692159972 
115200.74757075576, 0.143911612142085 
115200.86965096039, -0.14045019768003963 
115200.991731165, -0.33965985104877794 
115201.11381136962, -0.052638631482398744 
115201.23589157424, -0.10362421584386208 
115201.35797177887, -0.6286803105114879 
115201.48005198348, -0.4713040957757799 
115201.6021321881, -0.40884577803535743 
115201.72421239271, -0.5734725838056202 
115201.84629259734, -0.6700078798938186 
115201.96837280196, -0.5781556159190779 
115202.09045300659, -0.7807502159714563 
115202.2125332112, -1.0474060654096136 
115202.33461341583, -1.088188884336401 
115202.45669362045, -0.9307321091459245 
115202.57877382507, -0.7505981571618824 
115202.70085402968, -0.5711330024686304 
115202.82293423431, -0.8474744075531213 
115202.94501443893, -0.5820044451750126 
115203.06709464354, -0.5736331949256458 
115203.18917484816, -0.5146195166985068 
115203.31125505279, -0.3321042101294745 
115203.4333352574, -0.06136466021141617 
115203.55541546203, 0.013675469698859999 
115203.67749566665, -0.39573064542926617 
115203.79957587128, -0.3593942094274036 
115203.9216560759, -0.25086640563332707 
115204.04373628051, -0.2083737286194194 
115204.16581648513, -0.5571863755872947 
115204.28789668976, -0.4637244906449965 
115204.40997689437, -0.30496932045375097 
115204.53205709899, -0.394766724622936 
115204.6541373036, 0.03374968226019238 
115204.77621750823, 0.3219009385633808 
115204.89829771286, 0.5942072008747757 
115205.02037791748, 0.6488596668943964 
115205.14245812209, 0.8333642170628011 
115205.26453832672, 0.8361380796581733 
115205.38661853134, 1.0321787872761508 
115205.50869873595, 0.898098470979636 
115205.63077894057, 0.4229842906894571 
115205.7528591452, 0.06300410771144005 
115205.87493934981, 0.09882406025525078 
115205.99701955443, 0.18953867582145087 
115206.11909975905, 0.18438226324377413 
115206.24117996368, -0.1678286175890385 
115206.3632601683, -0.11143584444763772 
115206.48534037292, -0.03947933269378072 
115206.60742057754, 0.26653815515085577 
115206.72950078217, 0.5782077740733969 
115206.85158098678, 0.33717160611035396 
115206.9736611914, 0.21220469936974964 
115207.09574139601, 0.5290304075049403 
115207.21782160064, 0.4518948412757024 
115207.33990180526, 0.21474393245721185 
115207.46198200987, 0.04661979285551346 
115207.58406221449, 0.005747908022680421 
115207.70614241913, 0.2536391789155714 
115207.82822262375, 0.17628073255970475 
115207.95030282837, 0.2864912273390958 
115208.07238303298, 0.26532289747221105 
115208.19446323761, 0.06563263432446596 
115208.31654344223, 0.28924695003236117 
115208.43862364684, 0.2580855289962304 
115208.56070385146, -0.36915210957033406 
115208.68278405609, -0.5583054273429666 
115208.8048642607, -0.6285522041262471 
115208.92694446532, -0.3143614129704566 
115209.04902466993, -0.3548087257514398 
115209.17110487456, -0.3753681375967671 
115209.2931850792, -0.501179736272793 
115209.41526528381, -0.2436855165391546 
115209.53734548842, -0.23386192878652437 
115209.65942569304, 0.014326790335850756 
115209.78150589767, 0.0598936862969056 
115209.90358610229, 0.27168495017018135 
115210.0256663069, 0.16512556337591447 
115210.14774651152, 0.09702111278436468 
115210.26982671615, -0.2136713454741262 
115210.39190692076, -0.30533983618164373 
115210.51398712539, -0.44292397679948287 
115210.63606733001, -0.41308913375941003 
115210.75814753464, -0.5011216142881793 
115210.88022773925, -0.2603238845159688 
115211.00230794387, -0.3376775456793409 
115211.12438814848, 0.06018026248686837 
115211.24646835311, 0.5559873285227593 
115211.36854855773, 0.5628556735749277 
115211.49062876235, 0.7162072187477438 
115211.61270896696, 0.7591714718718034 
115211.73478917159, 0.682168973052385 
115211.8568693762, 0.5744363898424623 
115211.97894958084, 0.43667260182435713 
115212.10102978545, 0.2501416170033029 
115212.22310999008, 0.054199305128689826 
115212.3451901947, 0.28698735467658226 
115212.46727039931, 0.0766986230241063 
115212.58935060393, 0.22487308160380304 
115212.71143080856, 0.1640504950411545 
115212.83351101317, -0.10511830163717559 
115212.95559121779, -0.18256534497560487 
115213.0776714224, -0.44558460478133277 
115213.19975162703, -0.5502722924533885 
115213.32183183166, -0.3562390994630592 
115213.44391203628, 0.09268203682565679 
115213.5659922409, 0.07073494791497961 
115213.68807244553, 0.5089543901851332 
115213.81015265014, 0.35332383457288796 
115213.93223285476, 1.0748593729145153 
115214.05431305937, 1.4511669546808563 
115214.176393264, 1.5830448918375961 
115214.29847346862, 1.4096967628467327 
115214.42055367323, 1.3675515635294948 
115214.54263387785, 1.4932068920881063 
115214.66471408248, 1.4998281455186495 
115214.78679428711, 1.2212822114514434 
115214.90887449172, 0.5946867845275904 
115215.03095469634, 0.039813471531550314 
115215.15303490097, -0.237405322372173 
115215.27511510559, -0.4137443835324126 
115215.3971953102, -0.3965562543506135 
115215.51927551482, -0.42768000818829 
115215.64135571945, -0.3758829960478355 
115215.76343592406, -0.5583034479666633 
115215.88551612868, -0.7151886694398029 
115216.0075963333, -0.6435615827522649 
115216.12967653794, -0.314977844819777 
115216.25175674255, -0.1626303632310525 
115216.37383694717, -0.2627583033535058 
115216.49591715178, -0.28054804247374027 
115216.61799735641, -0.17249569877162038 
115216.74007756103, -0.16284572087855861 
115216.86215776564, 0.08761461420397683 
115216.98423797026, 0.24683895151117646 
115217.10631817489, 0.19777061408604424 
115217.2283983795, -0.22641914039361136 
115217.35047858412, -0.21009090977001588 
115217.47255878874, -0.18579249316043264 
115217.59463899338, -0.5265574145560518 
115217.716719198, -0.5312270898417372 
115217.83879940261, -0.6544657540671301 
115217.96087960723, -0.2792422355793614 
115218.08295981186, -0.20419100902677909 
115218.20504001647, -0.10453290708826041 
115218.32712022109, 0.021790091537803598 
115218.4492004257, 0.04015688887509999 
115218.57128063033, -0.16498650144324759 
115218.69336083495, 0.17027353645768337 
115218.81544103957, 0.307322304683378 
115218.9375212442, 0.24619928741998 
115219.05960144883, 0.29629891764764227 
115219.18168165344, 0.22249698568797835 
115219.30376185806, 0.06732451463585602 
115219.42584206267, 0.02438636683021781 
115219.5479222673, 0.16546274118382878 
115219.67000247192, 0.38057007971286533 
115219.79208267653, 0.2774011242496297 
115219.91416288115, 0.4266109266439972 
115220.03624308578, 0.3052712016482991 
115220.1583232904, 0.4682806307707486 
115220.28040349501, 0.10540061320376994 
115220.40248369964, -0.0003085579600524202 
115220.52456390427, 0.17951006278062073 
115220.64664410889, 0.41863783551203587 
115220.7687243135, 0.4797070770475721 
115220.89080451812, 0.5116542125187664 
115221.01288472275, 0.06745362091135357 
115221.13496492736, -0.17948957889200584 
115221.25704513198, 0.06343559934072097 
115221.37912533659, -0.02443337414480039 
115221.50120554122, 0.17620663856263083 
115221.62328574584, 0.02689673923447857 
115221.74536595047, 0.22392166800373076 
115221.86744615508, 0.24762105498385203 
115221.98952635971, 0.49205968256099214 
115222.11160656433, 0.4820773630102469 
115222.23368676894, 0.35271298511267984 
115222.35576697356, 0.10671462793124659 
115222.47784717819, 0.2996070449363417 
115222.5999273828, 0.058680251857105264 
115222.72200758742, 0.002366229837165761 
115222.84408779204, -0.022498183312142803 
115222.96616799667, 0.07704323601978826 
115223.08824820128, 0.016263437156648422 
115223.21032840591, 0.11498678428556545 
115223.33240861053, 0.2622250698400135 
115223.45448881516, 0.4275187985563827 
115223.57656901977, 0.27491676814645255 
115223.69864922439, 0.00811732995232334 
115223.820729429, 0.1452049812124272 
115223.94280963362, 0.4056700760881984 
115224.06488983825, 0.3050447303148016 
115224.18697004287, 0.41041571321844494 
115224.30905024748, 0.37090822271083085 
115224.43113045211, 0.31076728907693413 
115224.55321065674, 0.2682600523958963 
115224.67529086136, 0.12184034075227027 
115224.79737106597, 0.135579548738884 
115224.91945127059, -0.1552416373649177 
115225.04153147522, -0.23820650681287045 
115225.16361167983, 0.08787990836607298 
115225.28569188445, 0.13892451935498376 
115225.40777208906, 0.1396273191281618 
115225.5298522937, 0.10359380099560488 
115225.65193249831, -0.021595746107621785 
115225.77401270292, 0.04917229831880028 
115225.89609290754, 0.1589677139536434 
115226.01817311218, -0.08202780685989802 
115226.1402533168, 0.1415131555243513 
115226.26233352142, 0.22504869825119905 
115226.38441372603, 0.42088580078940246 
115226.50649393066, 0.3038646076296938 
115226.62857413529, 0.4580597526950786 
115226.7506543399, 0.4199869349421453 
115226.87273454452, 0.45118240676623067 
115226.99481474915, 0.3777480506501834 
115227.11689495377, 0.36326580516887846 
115227.2389751584, 0.23663301257852037 
115227.36105536301, 0.0627806013863773 
115227.48313556764, 0.043925348606125354 
115227.60521577226, -0.06174489549082465 
115227.72729597687, -0.14456879965045086 
115227.84937618149, 0.0100012841445922 
115227.97145638612, -0.12216155040928857 
115228.09353659074, 0.12930356331079398 
115228.21561679535, 0.016548276353985706 
115228.33769699997, -0.015478737909785044 
115228.4597772046, 0.0632597768767449 
115228.58185740921, -0.48591789014503406 
115228.70393761384, -0.28074960697330903 
115228.82601781846, -0.27828825151513265 
115228.94809802309, -0.44746539554038156 
115229.0701782277, -0.4202239657968809 
115229.19225843232, -0.5340294970380493 
115229.31433863693, -0.544659965705632 
115229.43641884156, -0.549848283074458 
115229.55849904618, -0.8141556134312234 
115229.6805792508, -0.6305968085493505 
115229.80265945541, -0.6739949624874692 
115229.92473966004, -0.640817918317984 
115230.04681986467, -0.6556749592165204 
115230.16890006929, -0.6487782454661803 
115230.2909802739, -0.44347923362619796 
115230.41306047853, -0.45068100937599803 
115230.53514068315, -0.09361200946489738 
115230.65722088776, -0.10287634031767759 
115230.77930109238, -0.06915255613722214 
115230.90138129701, -0.2690057560780341 
115231.02346150162, -0.567604884256157 
115231.14554170624, -0.5370613035671927 
115231.26762191085, -0.2769884316739838 
115231.38970211548, -0.27483026502312424 
115231.51178232011, -0.4281720258425088 
115231.63386252473, -0.39223159722218115 
115231.75594272935, -0.3920479638021026 
115231.87802293398, -0.38303317576812285 
115232.00010313859, -0.35587573969619973 
115232.1221833432, -0.2860786667272379 
115232.24426354782, -0.2215155005226176 
115232.36634375245, 0.02479536154102247 
115232.48842395707, -0.2817856372329348 
115232.61050416168, -0.23739674826653745 
115232.7325843663, -0.2572579900459723 
115232.85466457094, -0.13304922060794008 
115232.97674477556, -0.08425457058734008 
115233.09882498017, -0.014653714125713669 
115233.22090518479, -0.15507142597508666 
115233.34298538942, -0.11933047024833077 
115233.46506559403, -0.11459852111431071 
115233.58714579865, -0.031804367691213774 
115233.70922600327, -0.1585940830885273 
115233.8313062079, -0.12977445340706287 
115233.95338641251, -0.18508019436641515 
115234.07546661713, -0.08840838217458113 
115234.19754682174, 0.23772430293386143 
115234.31962702639, 0.045746171416115165 
115234.441707231, 0.06599292057861526 
115234.56378743562, 0.27310658365476415 
115234.68586764023, 0.32959016575781747 
115234.80794784486, 0.7646670766786362 
115234.93002804948, 1.2864175397665831 
115235.0521082541, 1.4172685922781583 
115235.17418845871, 1.8456676701773624 
115235.29626866334, 2.2584571020175006 
115235.41834886796, 2.663723611222488 
115235.54042907257, 2.8235184611662794 
115235.6625092772, 2.9483082063422104 
115235.78458948183, 2.680747433562087 
115235.90666968645, 2.8585503090404534 
115236.02874989106, 2.729696029981007 
115236.15083009568, 2.3276423157823545 
115236.27291030031, 1.9665963247223277 
115236.39499050492, 1.5977616840209297 
115236.51707070954, 1.4248618212454018 
115236.63915091415, 1.116616023391816 
115236.76123111878, 0.8906124708798455 
115236.8833113234, 0.7020149176752102 
115237.00539152802, 0.44848917957632856 
115237.12747173265, 0.28288467858916994 
115237.24955193726, -0.010367443752646664 
115237.37163214189, -0.2633656752969352 
115237.4937123465, -0.24583705431737699 
115237.61579255112, -0.05600745979274669 
115237.73787275574, -0.2135056967777953 
115237.85995296037, -0.4256495909658689 
115237.98203316498, -0.32432980841326253 
115238.1041133696, -0.12209240768659413 
115238.22619357421, 0.01250887583828046 
115238.34827377884, -0.25851138118791317 
115238.47035398347, -0.2708071719513249 
115238.59243418809, -0.41081092011573583 
115238.7145143927, -0.13160955258029333 
115238.83659459733, -0.2517981123477011 
115238.95867480195, -0.34233875756349114 
115239.08075500657, -0.3910448235312728 
115239.20283521118, -0.35131863372130323 
115239.32491541581, -0.010441324168023054 
115239.44699562043, -0.07582603123273107 
115239.56907582504, 0.05647063039362674 
115239.69115602966, 0.01042920079180507 
115239.81323623429, 0.2395829470308398 
115239.93531643892, 0.22962618377011787 
115240.05739664353, -0.0487776083499848 
115240.17947684815, -0.054990466881875914 
115240.30155705278, 0.151060350457427 
115240.4236372574, 0.38660382557858447 
115240.54571746201, 0.5240029081929234 
115240.66779766663, 0.5889623779016128 
115240.78987787126, 0.4787300008572297 
115240.91195807587, 0.44233338941254957 
115241.03403828049, 0.5755634467483555 
115241.1561184851, 0.6203953473897712 
115241.27819868975, 0.44329629929096653 
115241.40027889436, 0.6658982465186586 
115241.52235909898, 0.3712787112084516 
115241.64443930359, 0.15835293168195053 
115241.76651950822, 0.29474769414571617 
115241.88859971284, 0.22355371108666486 
115242.01067991745, 0.101822404757474 
115242.13276012207, -0.048645501947472754 
115242.2548403267, -0.17564447389928375 
115242.37692053131, -0.1092802029961999 
115242.49900073593, -0.027990616897825248 
115242.62108094056, -0.08164877101026467 
115242.74316114519, -0.08186000998756736 
115242.8652413498, -0.1812484924736576 
115242.98732155442, -0.08874943403985715 
115243.10940175904, -0.4709281131043657 
115243.23148196367, -0.09411272072856008 
115243.35356216828, -0.17857044802411806 
115243.4756423729, -0.16004776209885885 
115243.59772257751, -0.18056699117468417 
115243.71980278214, -0.11040085565411636 
115243.84188298676, -0.3636847757920454 
115243.96396319137, -0.4364409005520398 
115244.086043396, -0.48474167747889096 
115244.20812360063, -0.4086974778292622 
115244.33020380525, -0.3565379629611289 
115244.45228400987, -0.35697185145946947 
115244.57436421448, -0.5767641983363628 
115244.69644441911, -0.6178257099870347 
115244.81852462373, -0.5711959226271648 
115244.94060482834, -0.4703380508737191 
115245.06268503296, -0.8183952921757118 
115245.18476523759, -0.8450535516255178 
115245.3068454422, -0.5214937950489108 
115245.42892564683, 0.10516361274411486 
115245.55100585145, 0.22034117295898153 
115245.67308605608, 0.009704756874047767 
115245.7951662607, -0.1895256881917939 
115245.91724646531, -0.3642727123917177 
115246.03932666992, -0.11512898297445362 
115246.16140687455, 0.14419820874998293 
115246.28348707917, 0.21005211995563214 
115246.40556728379, 0.19752572337778385 
115246.5276474884, -0.26827280262859804 
115246.64972769303, -0.5958778582522696 
115246.77180789765, -0.5135670484266107 
115246.89388810228, -0.525310421396671 
115247.01596830689, -0.5621989119515555 
115247.13804851152, -0.5322395035679834 
115247.26012871614, -0.8976121426063716 
115247.38220892075, -0.8475436567580082 
115247.50428912537, -0.47900895881426614 
115247.62636933, 0.14545451575681834 
115247.74844953461, 0.9535984230424883 
115247.87052973923, 1.8969156067261814 
115247.99260994385, 2.0124182849632404 
115248.11469014848, 1.959738648713652 
115248.2367703531, 1.441189816134012 
115248.35885055772, 0.49260843668424636 
115248.48093076234, 0.29715945919384423 
115248.60301096697, 0.3639611247066189 
115248.72509117158, 0.07425809813951659 
115248.8471713762, -0.6610587768138363 
115248.96925158081, -1.3565500979566263 
115249.09133178544, -1.3917049368687067 
115249.21341199006, -1.4888619914841492 
115249.33549219467, -1.172070338056294 
115249.45757239929, -1.2798485887910236 
115249.57965260392, -1.1348815859094328 
115249.70173280855, -0.760578161760924 
115249.82381301316, -0.37815930437954826 
115249.94589321778, 0.022462826820668243 
115250.06797342241, 0.35005614084981934 
115250.19005362703, 0.20810350488204127 
115250.31213383164, 0.053534767763899385 
115250.43421403626, -0.09480085233140832 
115250.55629424089, -0.4298154310570925 
115250.6783744455, -0.4908610206977449 
115250.80045465012, -0.34780850585492035 
115250.92253485473, -0.588444242269455 
115251.04461505938, -0.467028687630482 
115251.166695264, -0.5181169019261663 
115251.28877546861, -0.8230825788337919 
115251.41085567322, -0.9183210026353127 
115251.53293587785, -0.8364450298703392 
115251.65501608247, -0.7919333121389514 
115251.77709628709, -0.8854105708489213 
115251.8991764917, -1.2394378484629278 
115252.02125669633, -1.137032918194771 
115252.14333690095, -1.3114685726313484 
115252.26541710556, -1.4250419626456985 
115252.38749731018, -1.8117996986437968 
115252.50957751481, -1.9404269046901004 
115252.63165771944, -2.2750809072271037 
115252.75373792405, -2.3977962866747085 
115252.87581812867, -2.4189918159444534 
115252.99789833328, -2.411934464111459 
115253.11997853791, -2.7901073870967577 
115253.24205874253, -2.8033833597915616 
115253.36413894714, -3.593703828136937 
115253.48621915176, -4.309500539623612 
115253.60829935639, -4.744694987712252 
115253.730379561, -4.874998802438384 
115253.85245976564, -5.428504720677064 
115253.97453997025, -5.95508545147934 
115254.09662017488, -6.646494164730956 
115254.2187003795, -6.120544315872174 
115254.34078058411, -5.37425729496578 
115254.46286078873, -4.505554566578968 
115254.58494099336, -3.5482816616929806 
115254.70702119797, -2.217572614785941 
115254.82910140259, -0.7582112810712006 
115254.9511816072, 0.46038980930481643 
115255.07326181183, 0.9783341738177378 
115255.19534201645, 1.0060282898716588 
115255.31742222108, 1.0908770877606861 
115255.4395024257, 1.0337726015461663 
115255.56158263033, 1.2970083424685157 
115255.68366283494, 1.3565415891099526 
115255.80574303956, 1.777222707341088 
115255.92782324417, 2.1265788804746752 
115256.0499034488, 2.398358355532267 
115256.17198365342, 2.371056203557353 
115256.29406385803, 2.326647049103049 
115256.41614406265, 2.5823134837833304 
115256.53822426728, 3.6181071537268865 
115256.66030447191, 5.176396339911047 
115256.78238467652, 6.661810565848051 
115256.90446488114, 7.879129993165367 
115257.02654508577, 7.962977506576634 
115257.14862529039, 7.4381086883103125 
115257.270705495, 6.913288858818443 
115257.39278569962, 5.846910497037449 
115257.51486590425, 4.666683146096906 
115257.63694610886, 2.7644257872545976 
115257.75902631348, 1.174592277333801 
115257.88110651809, -0.27548359944148304 
115258.00318672272, -1.0199030834981435 
115258.12526692735, -1.420412216038762 
115258.24734713197, -1.7008413764678303 
115258.36942733658, -1.2942348639453545 
115258.49150754121, -1.14564943805296 
115258.61358774583, -1.5416363617619842 
115258.73566795044, -1.4233769973377013 
115258.85774815506, -1.498401412729303 
115258.97982835969, -1.0321454482167676 
115259.1019085643, -0.6454975674772895 
115259.22398876892, -0.934372446636761 
115259.34606897354, -1.1788876840110112 
115259.46814917818, -1.002420877341343 
115259.5902293828, -1.1854396855374334 
115259.71230958741, -1.2179381207305189 
115259.83438979203, -1.1519625269078702 
115259.95646999666, -1.0659781577906977 
115260.07855020127, -1.082598037047946 
115260.20063040589, -0.8995384437684016 
115260.3227106105, -0.5973219065248468 
115260.44479081513, -0.5245799571856459 
115260.56687101975, -0.4362280096577791 
115260.68895122437, 0.09656593890398316 
115260.81103142898, 0.05671161419922315 
115260.93311163363, -0.15284621056245523 
115261.05519183824, -0.5996302668606418 
115261.17727204286, -1.7210823591150635 
115261.29935224747, -1.9443513193712492 
115261.4214324521, -1.2464542966795598 
115261.54351265672, 0.052283026787096565 
115261.66559286133, 1.0141394708443654 
115261.78767306595, 1.2015843792761205 
115261.90975327058, 0.7367137002640735 
115262.0318334752, 0.6367568210020803 
115262.15391367981, 0.5343298272898254 
115262.27599388444, 0.9260004591593008 
115262.39807408907, 0.869816576214761 
115262.52015429368, 1.0810821692940704 
115262.6422344983, 0.9841643535857676 
115262.76431470292, 1.051856123890061 
115262.88639490755, 0.8946251639300388 
115263.00847511216, 1.1108166201533587 
115263.13055531678, 0.9509637955628422 
115263.25263552139, 0.8595459670074991 
115263.37471572602, 0.35514491313307234 
115263.49679593064, 0.3412925697512762 
115263.61887613525, 0.027208787312251327 
115263.74095633988, 0.15413535582090093 
115263.86303654451, -0.038456833747574144 
115263.98511674913, -0.5019494854860131 
115264.10719695374, -0.20788865332629103 
115264.22927715836, -0.052221028027389364 
115264.35135736299, -0.11683682552855626 
115264.4734375676, -0.47230411694781815 
115264.59551777222, -0.5933096856544029 
115264.71759797684, -0.5122805400640228 
115264.83967818147, -0.385297154801291 
115264.96175838608, -0.0675227889498517 
115265.08383859071, 0.4732380077423487 
115265.20591879533, 0.6359827615649506 
115265.32799899996, 0.765549416428525 
115265.45007920457, 1.386743838427791 
115265.57215940919, 1.744693135363436 
115265.6942396138, 2.0946164206223714 
115265.81631981843, 2.7725498391750425 
115265.93840002305, 2.712728116566168 
115266.06048022766, 2.6602224963003906 
115266.18256043228, 2.9508467797364855 
115266.30464063691, 2.8322435839207234 
115266.42672084153, 2.8013192973213368 
115266.54880104616, 2.632291062297544 
115266.67088125077, 2.2456431261377032 
115266.79296145539, 2.2630106019274048 
115266.91504166002, 2.233702342066629 
115267.03712186463, 2.0381641595166617 
115267.15920206925, 1.878221576782129 
115267.28128227388, 1.646300296950817 
115267.4033624785, 0.8501500369107557 
115267.52544268311, -0.08197513159894676 
115267.64752288772, -0.5981018864086268 
115267.76960309234, -0.79100911701064 
115267.89168329698, -1.4121695475584826 
115268.0137635016, -1.5599221511071755 
115268.13584370622, -1.6185871184220308 
115268.25792391083, -1.650229247978027 
115268.38000411546, -1.429728844288868 
115268.50208432008, -1.5212050258290921 
115268.62416452469, -1.789815724415409 
115268.74624472931, -1.992192003739711 
115268.86832493394, -2.3282479492487185 
115268.99040513855, -2.4732818335221256 
115269.11248534317, -2.882289024454569 
115269.23456554778, -3.0601098287206474 
115269.35664575243, -3.2186443582955286 
115269.47872595704, -2.6190660704295543 
115269.60080616166, -2.1020345378960528 
115269.72288636627, -1.1835617205798963 
115269.8449665709, -0.39265053629646035 
115269.96704677552, -0.29054091375518337 
115270.08912698014, -0.27202424370536704 
115270.21120718475, -0.11986121340775403 
115270.33328738938, 0.4726818110124913 
115270.455367594, -0.11849350904064136 
115270.57744779861, -0.6188049356708655 
115270.69952800324, -0.36664321312458303 
115270.82160820787, -0.28844660654475773 
115270.94368841249, -0.3424322759815864 
115271.0657686171, -0.27696724886481544 
115271.18784882172, 0.1337107932269377 
115271.30992902635, 0.32836119775160044 
115271.43200923096, 0.02057859300028003 
115271.55408943558, -0.3148609772945812 
115271.6761696402, -0.3885408017835143 
115271.79824984483, -0.541846519721342 
115271.92033004944, -0.43246647943245053 
115272.04241025406, -0.20857105488502628 
115272.16449045869, 0.06585647315806073 
115272.28657066332, -0.11303487115870338 
115272.40865086793, -0.2610097439903063 
115272.53073107255, -0.3502075553268662 
115272.65281127716, -0.3537687087451891 
115272.7748914818, -0.24376532241436025 
115272.89697168641, 0.16201172940947312 
115273.01905189102, 0.2628744394298448 
115273.14113209564, -0.1977825523871505 
115273.26321230027, -0.3874854077830658 
115273.38529250489, -0.339662065934035 
115273.50737270952, 0.07309621104495688 
115273.62945291413, 0.15105791986200082 
115273.75153311876, -0.487427089077418 
115273.87361332338, -0.6307754280698201 
115273.99569352799, -0.589714202354468 
115274.1177737326, -0.5367364927269684 
115274.23985393724, -0.428137172785174 
115274.36193414185, -0.2779613742358887 
115274.48401434647, 0.20414556089831534 
115274.60609455108, 0.08110342076528122 
115274.72817475571, -0.5999740798624792 
115274.85025496036, -1.3857577609588605 
115274.97233516497, -1.8035051972666398 
115275.09441536959, -2.2678611685653522 
115275.21649557422, -2.3514370770818545 
115275.33857577883, -2.1584674482977357 
115275.46065598345, -2.0566876608745357 
115275.58273618807, -1.4955802776223381 
115275.7048163927, -1.379712293474604 
115275.82689659731, -1.3857173000273855 
115275.94897680193, -1.2353361890805847 
115276.07105700654, -1.1021076550302285 
115276.19313721119, -0.8218498716989338 
115276.3152174158, -0.9589580767065032 
115276.43729762042, -0.9207755497232749 
115276.55937782503, -1.2249470286704178 
115276.68145802966, -1.635440133635929 
115276.80353823428, -1.787838982470782 
115276.9256184389, -1.735006751173418 
115277.04769864351, -1.024137948543457 
115277.16977884814, -0.2693064440841457 
115277.29185905276, 0.17254473823109032 
115277.41393925737, 0.26909774937271974 
115277.53601946199, 0.7395756531740839 
115277.65809966663, 0.8533066544218212 
115277.78017987125, 0.6482074834244043 
115277.90226007586, 0.32130977291382756 
115278.02434028048, 0.518303808331132 
115278.1464204851, 0.30306918211066036 
115278.26850068972, 0.3890838932223113 
115278.39058089434, 1.1370420364494014 
115278.51266109895, 0.8663427431386641 
115278.63474130358, 0.3208763455010204 
115278.7568215082, 0.4257757287162275 
115278.87890171281, 0.4095641047482802 
115279.00098191744, -0.2505229719717017 
115279.12306212207, -0.18166145640791886 
115279.24514232669, -0.1625403089887659 
115279.3672225313, -0.13000622624714253 
115279.48930273592, -0.2215264600328796 
115279.61138294055, -0.313785793072204 
115279.73346314517, -0.7667794133208319 
115279.85554334978, -0.3184824208405767 
115279.9776235544, 0.24622280317683276 
115280.09970375903, 0.493823179329971 
115280.22178396364, 0.6347457263797521 
115280.34386416826, 1.0945626183882116 
115280.46594437289, 0.918804341818435 
115280.5880245775, 0.7002264411147334 
115280.71010478213, 0.5046437752909376 
115280.83218498675, 0.40284840784625786 
115280.95426519137, 0.4726580814309049 
115281.07634539598, 0.8104706460680778 
115281.19842560061, 0.6735328840846216 
115281.32050580523, 0.3953673502565561 
115281.44258600984, 0.5226938264116763 
115281.56466621446, 0.587510288577127 
115281.68674641909, 0.7136305860905401 
115281.80882662372, 0.8225887767212063 
115281.93090682833, 0.37237377090335677 
115282.05298703295, 0.14306781054695997 
115282.17506723758, -0.05615270342663076 
115282.2971474422, 0.1441084375671991 
115282.41922764681, 0.07748247915641948 
115282.54130785142, -0.4528807379010695 
115282.66338805605, -0.2773857095293762 
115282.78546826067, 0.32347296494196703 
115282.90754846529, 0.8967403478369387 
115283.0296286699, 1.1023220456740537 
115283.15170887453, 1.0146738331648544 
115283.27378907916, 1.6377578956343564 
115283.39586928378, 2.4041484498854437 
115283.51794948839, 2.2649265294724468 
115283.64002969302, 2.206705069002199 
115283.76210989764, 2.1542453273755857 
115283.88419010225, 2.435208091003301 
115284.00627030687, 2.599491706433487 
115284.1283505115, 2.3983780378895396 
115284.25043071611, 2.311787634542674 
115284.37251092073, 2.5848603385221334 
115284.49459112535, 2.5469637428522973 
115284.61667132999, 2.550945063437926 
115284.7387515346, 2.873989307637529 
115284.86083173922, 3.115346694423394 
115284.98291194384, 3.126433700576753 
115285.10499214847, 2.5617474198625723 
115285.22707235308, 2.136207311300177 
115285.3491525577, 1.8153518088013274 
115285.47123276231, 1.743866160428145 
115285.59331296694, 1.6279867857881194 
115285.71539317156, 1.225437366648017 
115285.83747337617, 0.9215222369874219 
115285.95955358079, 0.6401747865950351 
115286.08163378543, 0.5095966326534003 
115286.20371399005, 0.731748838466682 
115286.32579419466, 0.9986378463269324 
115286.44787439928, 1.0687590266348586 
115286.56995460391, 0.9751863396535474 
115286.69203480853, 1.0614683043339124 
115286.81411501314, 1.1339809348004521 
115286.93619521776, 0.9652204008822448 
115287.05827542239, 0.5032564701879124 
115287.180355627, 0.22952032788287174 
115287.30243583162, -0.17514927120017318 
115287.42451603625, 0.17284959755339496 
115287.54659624088, 0.48601005985325524 
115287.6686764455, 0.5386864378283068 
115287.79075665011, 0.32917831070526127 
115287.91283685472, 0.21751478631729068 
115288.03491705935, 0.3483601254883527 
115288.15699726397, 0.6040562919359053 
115288.27907746859, 0.7773437008182467 
115288.4011576732, 0.19691482482323508 
115288.52323787783, -0.06457051002064314 
115288.64531808245, -0.3857688530101486 
115288.76739828706, -0.3226378663407789 
115288.88947849169, 0.2702795551166584 
115289.01155869632, -0.13282818817194436 
115289.13363890094, -0.496288922548949 
115289.25571910555, -0.33918073504986906 
115289.37779931017, -0.26413995485607905 
115289.4998795148, -0.11796838348801007 
115289.62195971941, -0.07291325638978874 
115289.74403992403, -0.25722352474619303 
115289.86612012864, -0.31230779692791244 
115289.98820033328, 0.1621203067285542 
115290.11028053789, 0.9247965932246508 
115290.23236074252, 1.4051295409886597 
115290.35444094714, 0.47573637957402165 
115290.47652115177, -0.7865301586584852 
115290.59860135638, -0.8925413360401733 
115290.720681561, -0.8565056079237817 
115290.84276176561, -1.011678454234432 
115290.96484197024, -0.7338311835513679 
115291.08692217486, -0.23792218859987266 
115291.20900237947, -0.36215805305852206 
115291.33108258409, -0.19694875713532295 
115291.45316278872, -0.18900750039574285 
115291.57524299333, -0.3560891323071854 
115291.69732319796, -0.7106285709319842 
115291.81940340258, -0.7435825518330421 
115291.94148360721, -0.03952556498537278 
115292.06356381183, 0.9786349046695169 
115292.18564401644, 0.7029113548043285 
115292.30772422106, 0.29946907006945145 
115292.42980442569, 0.674557339686999 
115292.5518846303, 0.7763883714922692 
115292.67396483492, 0.9343085660694025 
115292.79604503953, 1.0177475733866133 
115292.91812524416, 1.5180892944330384 
115293.0402054488, 0.8207582045105464 
115293.16228565341, -1.6644904044439384 
115293.28436585802, -3.002135086465624 
115293.40644606265, -2.925241293230531 
115293.52852626727, -2.125987974715141 
115293.65060647189, -1.5472848385960085 
115293.7726866765, -0.6967262355303844 
115293.89476688113, -0.19816572845758063 
115294.01684708575, 0.04569903597449551 
115294.13892729036, 0.10660814367423796 
115294.26100749498, 0.23106119758529864 
115294.3830876996, 0.06482666105803588 
115294.50516790424, 0.08553144072733554 
115294.62724810885, -0.02957649182237828 
115294.74932831347, -0.14110415554059583 
115294.8714085181, -0.20734592048441108 
115294.99348872271, -0.18586558424581864 
115295.11556892733, -0.17272817061572165 
115295.23764913194, -0.22581205602425566 
115295.35972933657, -0.3197470565424599 
115295.48180954119, -0.20826063989541269 
115295.6038897458, -0.26197698866224456 
115295.72596995042, -0.3337459797658605 
115295.84805015505, -0.1890911632666537 
115295.97013035968, 0.019747372500257297 
115296.0922105643, 0.2107628954934714 
115296.21429076891, 0.04963172677605867 
115296.33637097353, 0.024853792860082397 
115296.45845117816, -0.021230240096787603 
115296.58053138277, 0.017849246789049703 
115296.70261158739, 0.009237821274123474 
115296.824691792, 0.1825800561491604 
115296.94677199663, 0.07576992556267537 
115297.06885220125, -0.20579800739307288 
115297.19093240588, -0.06999230363511383 
115297.3130126105, 0.0789333828443708 
115297.43509281513, -0.05877334029381913 
115297.55717301974, 0.05066412604379712 
115297.67925322436, -0.04757455871453233 
115297.80133342897, -0.07242135561286557 
115297.9234136336, 0.047899971789697716 
115298.04549383822, -0.07513938155982489 
115298.16757404283, -0.050313764417657704 
115298.28965424745, -0.27928167433686363 
115298.41173445208, -0.17447236420893233 
115298.5338146567, -0.0666863441152109 
115298.65589486132, -0.39354839768266237 
115298.77797506594, -0.6150315409807168 
115298.90005527057, -0.5803777463057807 
115299.02213547518, -0.3084777368471119 
115299.1442156798, 0.03945012322355358 
115299.26629588442, 0.6465136176812234 
115299.38837608905, 1.1248501648836404 
115299.51045629366, 0.6860207803822017 
115299.63253649828, -0.16648606428696283 
115299.75461670289, -0.5146525818727734 
115299.87669690752, -0.21168260816223886 
115299.99877711215, -0.11927739211897811 
115300.12085731677, -0.22298020327339876 
115300.24293752138, -0.33020918331469806 
115300.36501772601, -0.25564811645866475 
115300.48709793063, -0.07115770304030625 
115300.60917813524, -0.09747478373950601 
115300.73125833986, -0.03815469321956768 
115300.85333854449, -0.43027618995521444 
115300.9754187491, -0.5113862025978125 
115301.09749895372, -0.6643267455813061 
115301.21957915834, -0.5329290273384973 
115301.34165936297, -0.10488411199392092 
115301.4637395676, 0.512934485029307 
115301.58581977221, 1.0289379912805479 
115301.70789997683, 0.8113006136691472 
115301.82998018146, 0.5631520167992389 
115301.95206038607, 0.2803406364163197 
115302.07414059069, 0.407648494405884 
115302.1962207953, 0.32391041355704425 
115302.31830099993, 0.1882266188499281 
115302.44038120455, 0.31776454773791474 
115302.56246140916, 0.4732224275934314 
115302.68454161378, 0.4355986412250714 
115302.80662181842, 0.5072444272260749 
115302.92870202304, 0.3900253001773643 
115303.05078222766, 0.30862781766619013 
115303.17286243227, 0.3290458478776119 
115303.2949426369, 0.2499693360425351 
115303.41702284152, 0.13013481356355222 
115303.53910304613, -0.023817246856815764 
115303.66118325075, -0.04710272486399285 
115303.78326345538, -0.2187337046149363 
115303.90534366, 0.015044903324213052 
115304.02742386461, 0.009340446066802309 
115304.14950406922, 0.14728262316708843 
115304.27158427387, -0.04454803397818426 
115304.39366447848, 0.1547480567381424 
115304.5157446831, -0.05780059000536468 
115304.63782488772, 0.023303520226740853 
115304.75990509235, -0.08059708107749772 
115304.88198529696, -0.21925504740874013 
115305.00406550158, -0.12029997624697802 
115305.12614570619, -0.21186335220248156 
115305.24822591082, -0.46952061644502585 
115305.37030611544, -0.6444067936022594 
115305.49238632005, -0.7367963932997189 
115305.61446652468, -0.7232081348683147 
115305.73654672931, -0.8441572952636568 
115305.85862693393, -0.7016584211199358 
115305.98070713854, -0.5803977447024056 
115306.10278734316, -0.5144851650018724 
115306.22486754779, -0.7742118388384079 
115306.3469477524, -0.7539888624039155 
115306.46902795702, -0.48309266791805283 
115306.59110816164, -0.34545177630274176 
115306.71318836627, -0.3187640174424371 
115306.83526857088, -0.3642286285767717 
115306.9573487755, -0.5103236137998729 
115307.07942898013, -0.1525337931584098 
115307.20150918476, -0.03968216401883048 
115307.32358938937, -0.02982297081447557 
115307.44566959399, -0.07768586562955535 
115307.5677497986, -0.2960895045323861 
115307.68983000323, -0.3751488817373202 
115307.81191020785, -0.14677728422827266 
115307.93399041246, -0.2747683295895912 
115308.05607061708, -0.11427663983413894 
115308.17815082171, -0.18531000717209523 
115308.30023102633, -0.13512345277895357 
115308.42231123096, -0.1189032668981243 
115308.54439143557, -0.17324926885317316 
115308.6664716402, -0.331834427002364 
115308.78855184482, -0.39633694037443484 
115308.91063204943, -0.3151526574649728 
115309.03271225405, -0.23522744947835972 
115309.15479245868, -0.2157953693359438 
115309.2768726633, 0.04143104015452319 
115309.39895286791, 0.0028710883951646006 
115309.52103307252, 0.016747514094758956 
115309.64311327715, 0.09278929493942928 
115309.76519348177, 0.11770252708523327 
115309.8872736864, -0.20381832651417292 
115310.00935389102, -0.07909093349344717 
115310.13143409565, -0.1479537710245259 
115310.25351430026, -0.04165687010834392 
115310.37559450488, -0.18803612225335453 
115310.49767470949, -0.03633927801035838 
115310.6197549141, 0.1009095631086091 
115310.74183511874, 0.04904567225200024 
115310.86391532335, 0.17798522798331168 
115310.98599552797, 0.15439557948063776 
115311.1080757326, 0.30079657964585343 
115311.23015593723, 0.5460948878047414 
115311.35223614184, 0.7528471703846933 
115311.47431634646, 0.7669604392729115 
115311.59639655107, 1.1793189301849607 
115311.7184767557, 0.9756215373500392 
115311.84055696032, 0.7739394135203888 
115311.96263716494, 0.7027959004580181 
115312.08471736955, 0.18427281053906103 
115312.20679757418, 0.04069614352417113 
115312.3288777788, -0.3431414157972857 
115312.45095798341, -0.5759115525549008 
115312.57303818803, -0.6620206762617478 
115312.69511839267, -0.6676157177522523 
115312.81719859729, -0.6768395087139119 
115312.9392788019, -0.6980219929672166 
115313.06135900652, -0.9425307589981072 
115313.18343921115, -0.9017809063320932 
115313.30551941576, -1.0631843703857826 
115313.42759962038, -1.1694750062259607 
115313.549679825, -1.0358933124935208 
115313.67176002963, -0.9023517708221794 
115313.79384023424, -0.7770282713299257 
115313.91592043886, -0.7351531249415341 
115314.03800064349, -0.4918614375650705 
115314.16008084812, -0.5940289504188571 
115314.28216105273, -0.5735206391568645 
115314.40424125735, -0.4526555706022596 
115314.52632146196, -0.043210114187091586 
115314.64840166659, 0.2821592620515586 
115314.77048187121, 0.35228550009895376 
115314.89256207582, 0.4439263278159921 
115315.01464228044, 0.4772848587518984 
115315.13672248507, 0.41210351625266084 
115315.25880268968, 0.3105927354709077 
115315.3808828943, 0.22737396192642712 
115315.50296309893, 0.2880346665536283 
115315.62504330356, 0.37097773373691895 
115315.74712350818, 0.3528916826582547 
115315.86920371279, 0.28611866306719874 
115315.9912839174, 0.1868918066430721 
115316.11336412204, 0.00021320127134695223 
115316.23544432665, 0.008983182120526437 
115316.35752453127, -0.337702468609969 
115316.47960473588, -0.5229217355763001 
115316.60168494051, -0.3820985415850522 
115316.72376514513, -0.79665447476778 
115316.84584534976, -0.6639687418435116 
115316.96792555437, -0.5717317911342417 
115317.090005759, -0.39064377566345315 
115317.21208596362, -0.3826057976221421 
115317.33416616824, -0.4940220182377051 
115317.45624637285, -0.3980673842536558 
115317.57832657748, -0.14574057790951642 
115317.7004067821, -0.07734079170833567 
115317.82248698671, -0.09427128086639947 
115317.94456719133, -0.13836013287371346 
115318.06664739596, -0.182844395643139 
115318.18872760057, -0.16407690554805776 
115318.3108078052, -0.25278126155865854 
115318.43288800982, -0.1301442016201713 
115318.55496821445, -0.005971157235580069 
115318.67704841906, -0.047199584010433185 
115318.79912862368, 0.2022918518468977 
115318.9212088283, 0.17221914775499425 
115319.04328903292, -0.0010841502519137755 
115319.16536923754, 0.21977319433308032 
115319.28744944216, 0.21986291305211839 
115319.40952964677, 0.1553560154409136 
115319.5316098514, 0.26466247540976495 
115319.65369005603, -0.03293374733036474 
115319.77577026065, -0.0758698460357311 
115319.89785046526, 0.005284306079787502 
115320.01993066989, -0.03091839348636329 
115320.14201087451, 0.0237391814860323 
115320.26409107912, 0.08396420273365961 
115320.38617128374, 0.04345398376584456 
115320.50825148837, -0.07197240834846651 
115320.63033169298, 0.02108127533842235 
115320.7524118976, -0.09783208614611497 
115320.87449210222, -0.004693318801942811 
115320.99657230685, 0.12007463574393701 
115321.11865251148, 0.04333859457157508 
115321.24073271609, 0.035647444907272695 
115321.3628129207, 0.19245421083980535 
115321.48489312534, 0.17206345134001805 
115321.60697332995, 0.11140094267296631 
115321.72905353457, 0.11268835815992588 
115321.85113373918, -0.15172344364242163 
115321.97321394381, -0.033626446786827115 
115322.09529414843, -0.0451199941809691 
115322.21737435304, 0.0006078504573785254 
115322.33945455766, 0.06616311965546229 
115322.4615347623, 0.012534859312053248 
115322.58361496692, -0.07536727057243438 
115322.70569517153, 0.18778279601360434 
115322.82777537616, -0.09962311866912428 
115322.9498555808, -0.0998970931770398 
115323.07193578541, 0.08926230993626035 
115323.19401599003, 0.07472445313198088 
115323.31609619464, 0.10816108272522382 
115323.43817639927, 0.0475354868125355 
115323.56025660389, -0.15467947592708245 
115323.6823368085, -0.057950055956978955 
115323.80441701313, 0.0272439633938644 
115323.92649721775, 0.030562473295069174 
115324.04857742238, -0.09801260866946779 
115324.170657627, 0.2264797098401474 
115324.29273783161, 0.21038839060291245 
115324.41481803622, 0.17225851052392713 
115324.53689824085, 0.18272190959570064 
115324.65897844547, 0.0781852159552645 
115324.78105865009, 0.06808321469481937 
115324.9031388547, -0.03524588386319647 
115325.02521905933, -0.04848828723717988 
115325.14729926396, -0.12875793077955078 
115325.26937946858, -0.08153783364803874 
115325.39145967319, 0.15283718490769616 
115325.51353987782, 0.026774145183815653 
115325.63562008244, -0.05888794786495165 
115325.75770028705, 0.012838929028733116 
115325.87978049167, 0.13732156370690668 
115326.0018606963, -0.12547846136252244 
115326.12394090091, 0.21720169340043852 
115326.24602110553, 0.07880809792084698 
115326.36810131014, 0.04282722809301776 
115326.49018151478, 0.251791376208624 
115326.6122617194, 0.11697976710702625 
115326.73434192402, 0.15903611915617394 
115326.85642212864, 0.06313458072266907 
115326.97850233327, 0.016350594168825217 
115327.10058253788, -0.07692233483834982 
115327.2226627425, 0.02111951078991628 
115327.34474294711, 0.0663136708242431 
115327.46682315174, 0.22534421288279594 
115327.58890335636, -0.06739568905468815 
115327.71098356097, -0.042395412650347734 
115327.83306376559, 0.1093334969182912 
115327.95514397023, 0.0655413591598528 
115328.07722417485, -0.058999937175070113 
115328.19930437946, 0.2041876489269238 
115328.32138458408, 0.09464642442962773 
115328.44346478871, -0.055993699730971916 
115328.56554499333, -0.12533409268222642 
115328.68762519794, 0.11904298241250859 
115328.80970540256, -0.17945088441830997 
115328.93178560719, 0.24086800243150971 
115329.0538658118, 0.20873054613157366 
115329.17594601642, -0.11200958662066827 
115329.29802622103, 0.0022940515041737857 
115329.42010642568, -0.07656562842755987 
115329.5421866303, 0.16297619372280528 
115329.66426683491, 0.04170511058849444 
115329.78634703952, 0.1437909547616124 
115329.90842724415, 0.09619745571213492 
115330.03050744877, 0.042476160768724555 
115330.15258765339, -0.06048340153532241 
115330.274667858, 0.0077598619418957435 
115330.39674806263, 0.14051399153673508 
115330.51882826725, 0.05077016338515395 
115330.64090847186, 0.11143688738521973 
115330.76298867649, 0.01872294029094578 
115330.88506888112, -0.10699598619662665 
115331.00714908574, -0.035562886163079836 
115331.12922929035, 0.03749010657453719 
115331.25130949497, 0.0066134924003380495 
115331.3733896996, 0.12190195794064901 
115331.49546990421, -0.03967331706183796 
115331.61755010883, 0.02920624950563285 
115331.73963031344, 0.40541507926957726 
115331.86171051807, 0.12336630192450757 
115331.98379072269, 0.14141758380353997 
115332.1058709273, 0.12755918189859153 
115332.22795113194, -0.054841151175837315 
115332.35003133657, 0.029399570733861617 
115332.47211154118, -0.03128171052360019 
115332.5941917458, -0.12257692114312001 
115332.71627195041, -0.1768115331641282 
115332.83835215504, -0.06103670475641123 
115332.96043235966, 0.25139482174437516 
115333.08251256427, 0.1333122024241288 
115333.20459276889, 0.17431861812570726 
115333.32667297352, 0.20511653933416377 
115333.44875317813, 0.14495863890850044 
115333.57083338276, 0.0345806657946232 
115333.69291358738, 0.017564082344435402 
115333.81499379201, -0.14160198508312818 
115333.93707399663, -0.08303969261926211 
115334.05915420124, 0.004506784819047609 
115334.18123440586, 0.14660188155012524 
115334.30331461049, 0.1825237897963758 
115334.4253948151, 0.1478777197294012 
115334.54747501972, -0.0922677397102579 
115334.66955522433, 0.06787252461739259 
115334.79163542896, -0.047589844951762404 
115334.91371563358, -0.04282404886841456 
115335.03579583821, -0.1249564592794319 
115335.15787604282, 0.16034747774477517 
115335.27995624745, 0.08942087868781508 
115335.40203645207, 0.006394422492489803 
115335.52411665668, 0.08950882772023534 
115335.6461968613, 0.26867955336081106 
115335.76827706593, -0.21601584943057694 
115335.89035727055, -0.058120887668880405 
115336.01243747516, 0.027894662906253916 
115336.13451767978, -0.10468427731661394 
115336.2565978844, 0.054637575780369305 
115336.37867808904, -0.16986781518436658 
115336.50075829365, -0.2868802000033921 
115336.62283849827, -0.11691017163384235 
115336.7449187029, -0.2191395883491208 
115336.86699890751, 0.14273603664673076 
115336.98907911213, 0.06965684133910052 
115337.11115931674, 0.21396605543294256 
115337.23323952137, 0.12188738999619947 
115337.35531972599, 0.03005467410849301 
115337.4773999306, -0.0349208414308789 
115337.59948013522, -0.15554549093470904 
115337.72156033985, -0.04225284076890906 
115337.84364054448, 0.054885704294854024 
115337.9657207491, 0.09465158216574322 
115338.08780095371, -0.044261224653345616 
115338.20988115834, -0.029518864304674302 
115338.33196136296, -0.06021681132054839 
115338.45404156757, -0.07382318751469627 
115338.57612177219, 0.08910526875725697 
115338.69820197682, 0.20439680205013905 
115338.82028218143, 0.05822588618857625 
115338.94236238605, 0.22110426949149375 
115339.06444259066, 0.15605863541905335 
115339.1865227953, 0.1053476483661895 
115339.30860299992, 0.1846694607096335 
115339.43068320454, 0.11227710028637274 
115339.55276340916, 0.1830580745995595 
115339.67484361377, -0.06010235229549436 
115339.7969238184, -0.10865951826644067 
115339.91900402302, -0.13754344063938703 
115340.04108422763, 0.18642107208920852 
115340.16316443225, -0.0630878495289379 
115340.28524463688, -0.24821260595350472 
115340.4073248415, -0.06964895459572616 
115340.52940504611, -0.2109693506479603 
115340.65148525074, -0.07929902796005477 
115340.77356545537, 0.14780868766365737 
115340.89564565998, -0.05597109685152902 
115341.0177258646, -0.027568259496416857 
115341.13980606922, 0.260946180770013 
115341.26188627385, -0.05701556538465557 
115341.38396647846, 0.09135529573875877 
115341.50604668308, -0.29548381659133 
115341.62812688769, -0.11879730358384513 
115341.75020709232, -0.16703701010344502 
115341.87228729694, -0.0855162862999684 
115341.99436750157, 0.05740323025083941 
115342.11644770618, 0.4983701979612904 
115342.23852791081, 0.17812680021624708 
115342.36060811543, 0.030607171782248546 
115342.48268832004, 0.0572391802861711 
115342.60476852466, 0.07539873138786529 
115342.72684872929, -0.17504967545936048 
115342.8489289339, 0.14694143432683282 
115342.97100913852, 0.04330077994046233 
115343.09308934314, -0.036568135302055355 
115343.21516954777, 0.13104863217823332 
115343.33724975238, -0.0400743771562261 
115343.45932995701, -0.12757578376358267 
115343.58141016163, -0.10159152323957102 
115343.70349036626, -0.062875640417338 
115343.82557057087, -0.06610381950201762 
115343.94765077549, -0.17986824025358852 
115344.0697309801, -0.035377946914063235 
115344.19181118473, 0.19841895202386803 
115344.31389138935, 0.08235556414590908 
115344.43597159396, -0.08995810962654942 
115344.55805179858, -0.3124447204325565 
115344.68013200321, -0.17372255584933613 
115344.80221220784, 0.032886964222897656 
115344.92429241246, 0.03961701033544213 
115345.04637261707, 0.014472347398042928 
115345.1684528217, -0.03206813523202825 
115345.29053302632, -0.09264274049666608 
115345.41261323093, -0.009816080060146759 
115345.53469343555, -0.09516318881766685 
115345.65677364018, -0.08951206984591771 
115345.7788538448, 0.1640380685203331 
115345.90093404941, 0.17843591186954658 
115346.02301425402, 0.06039190945474378 
115346.14509445865, -0.09681418611546783 
115346.26717466328, -0.05681324696271695 
115346.3892548679, -0.022260735836308495 
115346.51133507252, -0.07570349391527213 
115346.63341527715, -0.010783993958010581 
115346.75549548176, -0.1277754422950711 
115346.87757568638, 0.013427608792172595 
115346.99965589099, -0.1324202681798655 
115347.12173609562, 0.169402133601804 
115347.24381630024, 0.09053563338330946 
115347.36589650485, 0.23165573926310437 
115347.48797670947, -0.13472183575938534 
115347.61005691411, -0.3810810808189634 
115347.73213711873, 0.084847446648277 
115347.85421732334, 0.1553265247169808 
115347.97629752796, -0.2854583493179444 
115348.09837773259, -0.15545119016512493 
115348.2204579372, -0.048123316633559725 
115348.34253814182, 0.13696269784187728 
115348.46461834644, 0.09347359567472323 
115348.58669855107, 0.113384945145469 
115348.70877875568, 0.15106782556367654 
115348.8308589603, 0.08292222778783186 
115348.95293916491, -0.351185934517275 
115349.07501936956, 0.05894396500403094 
115349.19709957417, 0.12750269369181658 
115349.31917977879, -0.015378717692897097 
115349.4412599834, 0.13778058171592347 
115349.56334018803, -0.08709276703411861 
115349.68542039265, -0.08057930314689943 
115349.80750059726, 0.18895120111878078 
115349.92958080188, -0.0478515212461104 
115350.05166100651, 0.009511666351673472 
115350.17374121113, -0.049835070495646186 
115350.29582141574, 0.04475638014100265 
115350.41790162037, -0.14738809987151558 
115350.539981825, -0.02765426063377306 
115350.66206202962, 0.22843944405501052 
115350.78414223423, 0.3066727554352755 
115350.90622243885, -0.12994857462161738 
115351.02830264348, 0.040491825595588414 
115351.15038284809, 0.04038907647992617 
115351.27246305271, 0.06734058725595966 
115351.39454325732, -0.14296203718740627 
115351.51662346195, -0.09515915289736399 
115351.63870366657, 0.09320113515982921 
115351.7607838712, 0.008353065670461159 
115351.88286407581, 0.033966022908020505 
115352.00494428044, -0.16635574015727106 
115352.12702448506, -0.10618054944678028 
115352.24910468968, -0.012213815898210413 
115352.37118489429, -0.021916518780575704 
115352.49326509892, -0.2049448260458633 
115352.61534530354, 0.05232136174184762 
115352.73742550815, 0.25946219842057766 
115352.85950571277, -0.08047619735542218 
115352.9815859174, -0.1282169665633198 
115353.10366612201, -0.11593504012916815 
115353.22574632664, -0.014628579742366733 
115353.34782653126, -0.03245661078786017 
115353.46990673587, -0.04847967037486174 
115353.5919869405, -0.11537214197098733 
115353.71406714512, 0.14002127537551987 
115353.83614734974, 0.054154992637975435 
115353.95822755437, -0.0786274305786568 
115354.08030775898, -0.05098611951931576 
115354.2023879636, 0.10145072265051518 
115354.32446816821, 0.05837900418157473 
115354.44654837283, 0.02520206394790308 
115354.56862857747, -0.08048411805093045 
115354.69070878209, 0.09410716676339625 
115354.8127889867, -0.014933711256206768 
115354.93486919132, 0.13349222972372413 
115355.05694939595, 0.11536487027656558 
115355.17902960056, 0.10248650984531647 
115355.30110980518, 0.12486003663950015 
115355.4231900098, 0.08754183631941942 
115355.54527021442, -0.2743197973842563 
115355.66735041904, -0.3224735470730903 
115355.78943062366, 0.14949770004269175 
115355.91151082827, 0.16286986749349427 
115356.03359103292, 0.19049254670390908 
115356.15567123753, 0.013436183823460639 
115356.27775144215, 0.2858605813881632 
115356.39983164676, 0.12339451243764697 
115356.52191185139, -0.07855382464479886 
115356.64399205601, -0.3160424960710055 
115356.76607226062, -0.15051421308115526 
115356.88815246524, 0.08658162011415066 
115357.01023266987, 0.0994195113983026 
115357.13231287448, 0.07751982037588523 
115357.2543930791, -0.05459309495910177 
115357.37647328373, -0.032065115305232685 
115357.49855348836, 0.04349344223551478 
115357.62063369298, -0.029263021799741207 
115357.74271389759, 0.014834524156391957 
115357.8647941022, 0.07326334127187152 
115357.98687430684, 0.13846706230789965 
115358.10895451145, 0.18941019057771097 
115358.23103471607, 0.23217110317628042 
115358.35311492068, -0.01264629382191489 
115358.47519512531, 0.029961828494695798 
115358.59727532993, 0.016844943818756796 
115358.71935553454, -0.09498727363014688 
115358.84143573917, -0.14898464855478127 
115358.9635159438, 0.11854217998331987 
115359.08559614842, 0.09186068666819681 
115359.20767635303, -0.00668931461438472 
115359.32975655765, -0.012993028554464296 
115359.45183676228, -0.13488150511407665 
115359.5739169669, -0.2725038453911041 
115359.69599717151, -0.04606453725914134 
115359.81807737613, -0.11517558442651321 
115359.94015758076, -0.06221677045026827 
115360.06223778537, -0.0840021656811494 
115360.18431799, -0.29537146887700055 
115360.30639819462, -0.23575521128398869 
115360.42847839925, -0.2548754248183985 
115360.55055860386, -0.10870251199278431 
115360.67263880848, -0.04710511487584467 
115360.7947190131, 0.05374644780280511 
115360.91679921772, -0.22703760305087353 
115361.03887942234, -0.10930327612938419 
115361.16095962696, -0.0811599817020899 
115361.28303983157, -0.08149351531350148 
115361.4051200362, 0.04718350012508211 
115361.52720024082, -0.015497855006348387 
115361.64928044545, 0.06081233687268182 
115361.77136065006, -0.05883776379266362 
115361.89344085469, -0.1276511799021089 
115362.01552105931, -0.18047405532006844 
115362.13760126392, -0.054505127808746084 
115362.25968146854, 0.1386945191103802 
115362.38176167317, 0.2428601246438213 
115362.50384187778, -0.051758280765664064 
115362.6259220824, 0.01145614630829061 
115362.74800228701, 0.02039181316172151 
115362.87008249165, -0.08369352842052798 
115362.99216269628, -0.11088393127293868 
115363.11424290089, 0.13599358126139308 
115363.2363231055, -0.027116583205359347 
115363.35840331014, 0.1376270307009061 
115363.48048351475, 0.009199598563810415 
115363.60256371937, 0.10507763722902426 
115363.72464392398, 0.20443308960969134 
115363.84672412861, -0.12145516724493262 
115363.96880433323, -0.14110734080234097 
115364.09088453784, -0.1551022573238886 
115364.21296474246, -0.27531798087155757 
115364.33504494709, -0.20973609345562672 
115364.45712515172, -0.0050831649814919435 
115364.57920535633, 0.16068152903389837 
115364.70128556095, -0.03724518678027423 
115364.82336576558, 0.14493872749402603 
115364.9454459702, 0.19224800921636448 
115365.06752617481, 0.24550429286154063 
115365.18960637943, -0.08189160281847442 
115365.31168658406, -0.06098668868296549 
115365.43376678867, -0.007617517086168375 
115365.55584699329, -0.05112972017369067 
115365.6779271979, 0.01653212957735569 
115365.80000740255, -0.1215776273976451 
115365.92208760716, 0.17519115574984123 
115366.04416781178, -0.10198425704406075 
115366.1662480164, -0.1970107373406346 
115366.28832822102, -0.13803151300009903 
115366.41040842564, 0.20483736698174743 
115366.53248863026, -0.005058692186960103 
115366.65456883487, -0.014544843464184904 
115366.7766490395, 0.11939081937051099 
115366.89872924412, 0.1447187830675516 
115367.02080944873, 0.051438919630541015 
115367.14288965335, -0.20564607903757554 
115367.26496985799, -0.06193691196375489 
115367.3870500626, 0.027864521364440068 
115367.50913026722, 0.05220802258585921 
115367.63121047184, -0.05001323801973226 
115367.75329067647, -0.16474111648031414 
115367.87537088108, -0.1963116843059484 
115367.9974510857, -0.11542071623485536 
115368.11953129031, 0.017954608197669752 
115368.24161149494, -0.2852043164379663 
115368.36369169956, -0.09765602524411497 
115368.48577190418, -0.23778533598968818 
115368.6078521088, -0.0906447775321753 
115368.72993231342, -0.003806581903012849 
115368.85201251805, -0.19845274944066132 
115368.97409272267, -0.08973180752380641 
115369.09617292728, 0.07247076478796434 
115369.2182531319, -0.08992133313003003 
115369.34033333653, 0.01031255549855033 
115369.46241354114, 0.06540825898946116 
115369.58449374576, 0.10517679690351926 
115369.70657395037, -0.012401906071590424 
115369.828654155, 0.011724968467500665 
115369.95073435962, 0.1301205006160921 
115370.07281456425, 0.003159684048708872 
115370.19489476887, 0.2962415753888907 
115370.3169749735, 0.06443346518665569 
115370.43905517811, -0.19612958233489405 
115370.56113538273, -0.04599305543900392 
115370.68321558734, -0.05070699670226963 
115370.80529579197, 0.04977271498567565 
115370.92737599659, 0.058833013899601695 
115371.04945620122, -0.052325795003721164 
115371.17153640583, -0.08522254607923432 
115371.29361661048, -0.081858996077335 
115371.4156968151, -0.1842331334409254 
115371.53777701971, -0.029521958802659478 
115371.65985722432, 0.22334194282260364 
115371.78193742895, 0.0733418663483819 
115371.90401763357, -0.10953805583078674 
115372.02609783818, -0.22921533494884638 
115372.1481780428, 0.046543551520501616 
115372.27025824743, 0.26051672354089805 
115372.39233845205, -0.04847102988610596 
115372.51441865666, -0.0387900451855753 
115372.63649886128, 0.21116289631232427 
115372.75857906592, 0.06251722721502467 
115372.88065927054, 0.041798476833733736 
115373.00273947515, -0.022659635574248327 
115373.12481967977, -0.2416271897300053 
115373.2468998844, -0.3389793895768329 
115373.36898008901, -0.08225561481467966 
115373.49106029363, -0.08644323802369737 
115373.61314049824, 0.05782741987568614 
115373.73522070287, -0.12152701696021939 
115373.85730090749, -0.32373241681502124 
115373.9793811121, 0.05829553813492747 
115374.10146131674, 0.058416356475434 
115374.22354152137, -0.11293665323695944 
115374.34562172598, -0.03373576081033312 
115374.4677019306, 0.0302623963369701 
115374.58978213521, -0.1185979919192052 
115374.71186233984, 0.028702048187750885 
115374.83394254446, 0.07925403421751563 
115374.95602274907, 0.09457914214117989 
115375.07810295369, -0.014299993402389632 
115375.20018315832, -0.2896540624520309 
115375.32226336293, 0.0016910011327743403 
115375.44434356755, 0.11138378820630622 
115375.56642377218, 0.10038863510153372 
115375.68850397681, 0.0959284701295842 
115375.81058418142, 0.019002856579231925 
115375.93266438604, 0.11474608517553646 
115376.05474459066, 0.13491903001454453 
115376.17682479529, 0.20318274117482332 
115376.2989049999, 0.12374434374588832 
115376.42098520452, 0.2290193553429502 
115376.54306540913, -0.2523997861112531 
115376.66514561376, -0.1931313035160932 
115376.78722581838, -0.027369463125724046 
115376.90930602301, 0.1710173745399992 
115377.03138622762, -0.13791343292437033 
115377.15346643225, -0.1735468226350233 
115377.27554663687, -0.0034034979511131367 
115377.39762684148, 0.1774620664864085 
115377.5197070461, -0.04504980954847635 
115377.64178725073, -0.16146479019783924 
115377.76386745535, -0.0761878892681591 
115377.88594765996, -0.21016053353509645 
115378.00802786458, 0.08368118407233441 
115378.1301080692, 0.05391394639491609 
115378.25218827382, 0.05100429523376104 
115378.37426847845, 0.049694509813322754 
115378.49634868307, 0.20426845609092567 
115378.6184288877, 0.0974971135439161 
115378.74050909231, 0.042036321751124456 
115378.86258929693, 0.07163102356493851 
115378.98466950154, 0.3044267599539766 
115379.10674970617, -0.19249286143974323 
115379.22882991079, -0.18511507660409926 
115379.3509101154, -0.02744954637680773 
115379.47299032002, -0.02769618353440024 
115379.59507052465, 0.021150971524682535 
115379.71715072928, 0.10126664589856992 
115379.8392309339, -0.07333980807656856 
115379.96131113851, -0.09516040305691532 
115380.08339134314, -0.19114726310284819 
115380.20547154776, -0.07306733216864686 
115380.32755175237, -0.026516031864637902 
115380.44963195699, -0.20539503531180095 
115380.57171216162, -0.1549051613360564 
115380.69379236623, 0.03613871214560383 
115380.81587257085, -0.1847070762623344 
115380.93795277546, -0.05299489507363291 
115381.0600329801, 0.13733609344735925 
115381.18211318472, 0.06757539014919804 
115381.30419338934, -0.12848718082882127 
115381.42627359396, 0.06442383857905123 
115381.54835379859, 0.06949746531516354 
115381.6704340032, 0.004768506508816261 
115381.79251420782, -0.0762724509573439 
115381.91459441243, -0.210224935061136 
115382.03667461706, -0.10619154475033195 
115382.15875482168, 0.10815962954862184 
115382.2808350263, 0.009109668799118875 
115382.40291523091, -0.12864492182121665 
115382.52499543554, -0.2561290388171111 
115382.64707564017, -0.1760697314668137 
115382.76915584478, 0.12217943198570898 
115382.8912360494, 0.3141434158305289 
115383.01331625402, -0.06941993259913361 
115383.13539645865, -0.09641779114396902 
115383.25747666326, -0.1074171097577544 
115383.37955686788, -0.0106264220696884 
115383.50163707249, 0.01906867278629143 
115383.62371727712, 0.007287977130757783 
115383.74579748174, 0.026067583800563555 
115383.86787768635, -0.14599835448728307 
115383.98995789098, -0.07713007275244126 
115384.11203809561, 0.07561802003288537 
115384.23411830023, 0.057020759125046325 
115384.35619850484, -0.2865437291144908 
115384.47827870946, 0.10983758618255496 
115384.60035891409, 0.2682340016084881 
115384.7224391187, 0.1896604352252737 
115384.84451932332, -0.047590989639417665 
115384.96659952794, -0.027887824720752526 
115385.08867973257, 0.049898114927882355 
115385.21075993718, 0.3482519342030285 
115385.33284014181, -0.04076723744068679 
115385.45492034643, 0.12437201209781788 
115385.57700055106, -0.025419168667256437 
115385.69908075567, -0.17971564983337207 
115385.82116096029, -0.10390375772785694 
115385.9432411649, -0.014875211583262073 
115386.06532136953, 0.37528533617696647 
115386.18740157415, 0.12380303072491834 
115386.30948177876, 0.04906113161580551 
115386.43156198338, 0.0526409607719483 
115386.55364218801, 0.11986819198597223 
115386.67572239263, -0.1679226970404495 
115386.79780259726, 0.02245522959477086 
115386.91988280187, 0.23405346192686285 
115387.0419630065, -0.20688537494227788 
115387.16404321112, 0.01316316337531907 
115387.28612341573, 0.22864240345716788 
115387.40820362035, 0.12553195495339028 
115387.53028382498, -0.05532210974161242 
115387.65236402959, 0.024549082503337556 
115387.77444423421, -0.16404527637560612 
115387.89652443882, -0.037081750044717574 
115388.01860464345, 0.18131956797986562 
115388.14068484808, 0.027157660115346295 
115388.2627650527, -0.15133126366222138 
