	97041.1674743	-0.009227459219807471
	97042.14408273208	-0.011713786292556304
	97043.12069116416	0.0012617632566562223
	97044.09729959625	0.006683771198476326
	97045.07390802834	0.03201513667377625
	97046.05051646041	0.03269813453821394
	97047.0271248925	0.047278767254403435
	97048.00373332459	0.026790699706151958
	97048.98034175666	-0.014074617544716539
	97049.95695018875	-0.04081225667559577
	97050.93355862083	-0.038938059895008356
	97051.91016705292	-0.011068274893432001
	97052.88677548499	0.02333986121881312
	97053.86338391708	0.037975747083542906
	97054.83999234917	0.02375958668404546
	97055.81660078124	0.008028559499640391
	97056.79320921333	-0.017070617657356325
	97057.76981764541	-0.022919031825721727
	97058.7464260775	0.006006394856915929
	97059.72303450957	-0.013238590761813789
	97060.69964294166	-0.024359854676016954
	97061.67625137375	-0.031077808130734692
	97062.65285980582	0.00591045813762127
	97063.62946823791	0.009068531509375402
	97064.60607667	0.018900552742396298
	97065.58268510208	0.031733976512779656
	97066.55929353416	0.008694385957045248
	97067.53590196624	-0.015373810715063265
	97068.51251039833	0.008903748406773495
	97069.4891188304	0.022633687359577107
	97070.46572726249	0.003089339727765689
	97071.44233569458	-0.02003000466975343
	97072.41894412666	-0.018232376835858127
	97073.39555255874	-0.018230173001471874
	97074.37216099082	-0.009990420645888069
	97075.34876942291	-0.018472721143901714
	97076.32537785498	-0.04139449819099259
	97077.30198628707	-0.029701754785751818
	97078.27859471916	-0.01245668929673848
	97079.25520315125	0.026507063935842984
	97080.23181158332	0.009729000632629117
	97081.2084200154	-0.03650381503095229
	97082.1850284475	-0.040341246224982585
	97083.16163687958	-0.0004798901132734647
	97084.13824531165	0.01725183809618881
	97085.11485374374	-0.010577639657255195
	97086.09146217583	0.03852995510122508
	97087.0680706079	-0.005405896969242559
	97088.04467903999	0.006156114210889386
	97089.02128747207	0.016110330147788128
	97089.99789590416	-0.005468458766300512
	97090.97450433623	-0.03174453368907698
	97091.95111276832	-0.033814662858573964
	97092.92772120041	-0.023507470994255278
	97093.90432963248	-0.03366027785054334
	97094.88093806457	-0.011993578514967265
	97095.85754649666	0.0298703166113171
	97096.83415492874	-0.005014091683009889
	97097.81076336082	0.04338696015254284
	97098.7873717929	0.013929009933117829
	97099.76398022499	0.0026012040567501954
	97100.74058865706	0.00016325883995351985
	97101.71719708915	0.02695335017012467
	97102.69380552124	0.04662338535868483
	97103.67041395332	0.023338335299551247
	97104.6470223854	-0.01120822782648272
	97105.62363081748	-0.02702185863671192
	97106.60023924957	-0.020153133611926503
	97107.57684768164	0.02280297350706202
	97108.55345611373	0.002529373637461559
	97109.53006454582	0.004898657877489884
	97110.5066729779	0.01899124433385121
	97111.48328140998	0.0076790630137309225
	97112.45988984207	-0.024759084940614788
	97113.43649827415	-0.03283179201975495
	97114.41310670623	-0.0161209680163244
	97115.38971513831	-0.027509961818594875
	97116.3663235704	-0.017415257361968788
	97117.34293200249	-0.00999124900539442
	97118.31954043456	0.016843639109158058
	97119.29614886665	-0.0261665175476737
	97120.27275729874	-0.03811768151494715
	97121.24936573082	0.004260880907155954
	97122.2259741629	0.0279980935880896
	97123.20258259498	0.02074095398038581
	97124.17919102707	0.011680098824796753
	97125.15579945914	0.06075838818921681
	97126.13240789123	0.15191419790088584
	97127.10901632332	0.13245539574775966
	97128.0856247554	0.010400506327472114
	97129.06223318748	-0.009986051614092455
	97130.03884161956	-0.018318289367220998
	97131.01545005165	-0.03193237020375893
	97131.99205848372	-0.003611505790776485
	97132.96866691581	0.0011715277488917142
	97133.9452753479	0.015231130637829778
	97134.92188377999	-0.050049166073423336
	97135.89849221206	-0.04247482508837299
	97136.87510064415	0.017453017991616814
	97137.85170907623	0.009698568466532838
	97138.8283175083	0.06924920562377136
	97139.80492594039	0.14598571938223887
	97140.78153437248	0.15682409510331244
	97141.75814280457	0.06591022638513257
	97142.73475123664	0.035573510488984765
	97143.71135966873	-0.01046375344253323
	97144.68796810081	-0.024379343623580744
	97145.66457653289	-0.01977197781734491
	97146.64118496497	-0.01933464163941984
	97147.61779339706	-0.0444999027468493
	97148.59440182915	-0.04282417209439644
	97149.57101026122	-0.0336426523244854
	97150.54761869331	-0.02410420130154146
	97151.5242271254	0.0378657950818453
	97152.50083555747	0.05483854550945875
	97153.47744398956	0.03998644169688012
	97154.45405242164	0.018291682885401863
	97155.43066085373	0.05020295453184187
	97156.4072692858	0.10916077898470103
	97157.38387771789	0.18229931741254807
	97158.36048614998	0.42982625747931524
	97159.33709458206	0.5202221721547861
	97160.31370301414	0.20644514452890472
	97161.29031144622	0.1047862854930338
	97162.26691987831	0.16741180083325963
	97163.24352831038	0.08672045826080033
	97164.22013674247	0.040157834534055366
	97165.19674517456	0.023301159658351125
	97166.17335360665	0.0062350595787816696
	97167.14996203872	0.007126689320336422
	97168.1265704708	0.04673662621393168
	97169.1031789029	0.028632600203872705
	97170.07978733497	-0.04433682273475701
	97171.05639576705	-0.025504147776638845
	97172.03300419914	-0.014924863559344113
	97173.00961263123	0.015225111069969984
	97173.9862210633	-0.008675311729308967
	97174.96282949539	-0.009832096945739197
	97175.93943792747	-0.002200856457619753
	97176.91604635955	-0.0040078540265363555
	97177.89265479163	-0.016512582324177662
	97178.86926322372	-0.017517582883006852
	97179.84587165581	-0.007333330015352328
	97180.82248008788	-0.0028727955493633942
	97181.79908851997	-0.005886978101867329
	97182.77569695206	-0.02737358783663064
	97183.75230538413	-0.011536336331317312
	97184.72891381622	-0.018610182053820475
	97185.7055222483	0.060524849349003054
	97186.68213068039	0.14517545460759243
	97187.65873911246	0.1277694803840232
	97188.63534754455	0.08845921172859457
	97189.61195597664	0.01298965081461818
	97190.58856440872	-0.021686806649680257
	97191.5651728408	-0.0028333200307975306
	97192.54178127288	0.020746214801514555
	97193.51838970497	0.08540048612094009
	97194.49499813704	0.017721152828329666
	97195.47160656913	0.007412073433295292
	97196.44821500122	-0.0035709488307190244
	97197.4248234333	0.01446881416816973
	97198.40143186538	0.06531965103400465
	97199.37804029747	0.09653167849482584
	97200.35464872955	0.09035107604523153
	97201.33125716163	0.03466259075586764
	97202.30786559371	0.04124917476024116
	97203.2844740258	-0.007090575356362375
	97204.26108245789	-0.035150449917410856
	97205.23769088996	0.014240295663917433
	97206.21429932205	0.07039972264213036
	97207.19090775413	0.017782489204328386
	97208.16751618621	-0.042190419029524084
	97209.1441246183	-0.06260183202333008
	97210.12073305038	-0.03442453011653289
	97211.09734148247	0.00785046305201975
	97212.07394991454	0.004786178125633314
	97213.05055834663	-0.0231538224300575
	97214.02716677872	0.010511013155462785
	97215.00377521079	0.04328473482285422
	97215.98038364288	0.06819902000487434
	97216.95699207496	-0.0017736423125216314
	97217.93360050705	-0.006593484547453509
	97218.91020893912	-0.018961973537885302
	97219.88681737121	-0.03063565245317489
	97220.8634258033	-0.0032031154693316936
	97221.84003423537	0.0122722426915895
	97222.81664266746	-0.012273746124944968
	97223.79325109955	0.007317670521099698
	97224.76985953163	-0.037945082301737376
	97225.7464679637	-0.0055644010309970895
	97226.72307639579	-0.03625654276784817
	97227.69968482788	-0.032641999094049114
	97228.67629325997	-0.008767626250003645
	97229.65290169204	-0.014634850606344323
	97230.62951012413	0.0014139598101254385
	97231.60611855621	0.001463839260657762
	97232.58272698829	-0.0035084128811917947
	97233.55933542037	-0.03831935841817129
	97234.53594385246	-0.032546458109502525
	97235.51255228455	-0.00975927382824356
	97236.48916071662	-0.023803336931082303
	97237.46576914871	-0.0097693259456417
	97238.4423775808	-0.03332436888896925
	97239.41898601287	-0.012369754533115583
	97240.39559444496	-0.021004574866410795
	97241.37220287704	-0.004282773988963401
	97242.34881130913	-0.002018792441107924
	97243.3254197412	-0.006231875629637875
	97244.30202817329	0.013521962135962295
	97245.27863660538	0.007162984299194453
	97246.25524503745	-0.037341901254766025
	97247.23185346954	-0.012023908995688693
	97248.20846190162	-0.005274649602466324
	97249.18507033371	0.007241038941575072
	97250.16167876578	0.04064233035095507
	97251.13828719787	0.1439675832575117
	97252.11489562996	0.07944029015457678
	97253.09150406203	-0.005228237966277959
	97254.06811249412	-0.013264375157560055
	97255.0447209262	-0.010121524652519587
	97256.0213293583	-0.021155269302658937
	97256.99793779037	-0.016172423153498292
	97257.97454622245	0.015731250822605108
	97258.95115465454	0.02885174171825987
	97259.92776308661	0.009886803600720508
	97260.9043715187	0.005875618098861758
	97261.88097995079	-0.006495508089525164
	97262.85758838287	0.036193408411306284
	97263.83419681495	0.06353664056396115
	97264.81080524703	0.016906662956976466
	97265.78741367912	-0.03282247583951247
	97266.76402211121	-0.031011743107554075
	97267.74063054328	-0.018371476883950282
	97268.71723897537	-0.003994537046426374
	97269.69384740746	-0.004482325945740525
	97270.67045583953	-0.023545520183919182
	97271.64706427162	-0.0028402431505823995
	97272.6236727037	-0.003198927501821676
	97273.60028113579	0.005305135113945346
	97274.57688956786	0.03275518253432596
	97275.55349799995	0.030144568330113964
	97276.53010643204	0.036166504159794444
	97277.50671486411	0.03130424226614962
	97278.4833232962	0.005747283914530785
	97279.45993172828	0.0013080349565708987
	97280.43654016037	-0.006486367918550787
	97281.41314859244	-0.00890072460986661
	97282.38975702453	0.01691514151752758
	97283.36636545662	0.00818342812746697
	97284.34297388869	0.019603744351453612
	97285.31958232078	0.06046153236746909
	97286.29619075287	0.23727255178102333
	97287.27279918495	1.2831033482906349
	97288.24940761703	3.0380435365127645
	97289.2260160491	2.244406873785224
	97290.20262448119	0.7694265410596212
	97291.17923291326	0.25464296479978515
	97292.15584134535	0.08175905281296435
	97293.13244977743	0.04076884855976665
	97294.10905820952	0.025306919112129282
	97295.0856666416	-0.006859325998814593
	97296.06227507368	-0.0009386884271241773
	97297.03888350577	-0.04392752110530113
	97298.01549193784	-0.047995520114310034
	97298.99210036993	-0.009517634427963386
	97299.96870880201	-0.010527831753186792
	97300.9453172341	-0.01159933005911206
	97301.92192566617	-0.02799093044189222
	97302.89853409826	-0.04673270163155116
	97303.87514253035	-0.0346333544732582
	97304.85175096242	0.01676651751836527
	97305.82835939451	0.036560317433134454
	97306.8049678266	0.014848929135312057
	97307.78157625868	0.010213288238423785
	97308.75818469076	-0.04743153531196119
	97309.73479312284	-0.007842422999216725
	97310.71140155493	-0.004663694357117724
	97311.688009987	-0.028824062103943317
	97312.66461841909	-0.03683091884523084
	97313.64122685118	-0.0639930728615452
	97314.61783528326	-0.06990764275978638
	97315.59444371534	-0.04411792584823275
	97316.57105214742	-0.004757140638925787
	97317.54766057951	0.007658132695765166
	97318.5242690116	-0.020011093920294598
	97319.50087744367	-0.0077121683757897345
	97320.47748587576	-0.018340737734183918
	97321.45409430785	-0.0021489944078760884
	97322.43070273992	0.025723241191280503
	97323.407311172	-1.9157313323252705e-05
	97324.3839196041	0.009882635098650549
	97325.36052803618	-0.022873739411028257
	97326.33713646825	-0.005546793313805126
	97327.31374490034	0.02086077768862439
	97328.29035333243	-0.022018864872644463
	97329.2669617645	-0.025902768012535504
	97330.24357019659	-0.037607017455430373
	97331.22017862868	-0.04028186337837171
	97332.19678706076	-0.017269370520940172
	97333.17339549283	-0.025732738021757046
	97334.15000392492	-0.023903934491466144
	97335.12661235701	-0.0027816858528479696
	97336.10322078908	0.013383036013766808
	97337.07982922117	0.03887483710702898
	97338.05643765326	0.06554254381121409
	97339.03304608534	-0.0003505677385333936
	97340.00965451742	0.008899986889972154
	97340.9862629495	0.01057428130716695
	97341.96287138159	-0.030204734240253744
	97342.93947981366	-0.018709355381807888
	97343.91608824575	-0.013330824527045126
	97344.89269667784	-0.002446167597549868
	97345.86930510993	0.03244468478406255
	97346.845913542	0.04798782414980915
	97347.82252197409	0.01879215196253067
	97348.79913040617	-1.5171429309619295e-06
	97349.77573883825	-0.04027244873641288
	97350.75234727033	-0.0070757931754543354
	97351.72895570242	-0.026431468339871478
	97352.7055641345	0.0032595402314045635
	97353.68217256658	0.03377245843796046
	97354.65878099867	0.00920843712342067
	97355.63538943075	0.06797986806463556
	97356.61199786284	0.16156157142339678
	97357.58860629491	0.0620420384903595
	97358.565214727	-0.0106808401016295
	97359.54182315909	-0.02261504001383736
	97360.51843159116	0.008866359563350362
	97361.49504002325	0.007785430141380606
	97362.47164845534	0.01281034174170792
	97363.44825688742	0.01695157111001953
	97364.4248653195	0.015453618660086875
	97365.40147375158	0.021824544323926876
	97366.37808218367	-0.020126473039141193
	97367.35469061574	-0.032351229891641825
	97368.33129904783	0.013394273443045194
	97369.30790747992	0.01961459924874814
	97370.284515912	-0.0006403859558876454
	97371.26112434408	-0.0283837189536687
	97372.23773277616	-0.020494989574868998
	97373.21434120825	-0.02708861905628544
	97374.19094964032	-0.026279283230584427
	97375.16755807241	0.012467003788804942
	97376.1441665045	0.026004455173990658
	97377.12077493659	0.03843306987150001
	97378.09738336866	0.01660973922202086
	97379.07399180075	-0.048795325990618636
	97380.05060023283	-0.041875840168114464
	97381.0272086649	0.0018561017730798167
	97382.003817097	0.07050883146697744
	97382.98042552908	0.009578537907259987
	97383.95703396117	-0.003023994578644503
	97384.93364239324	-0.03558282551413242
	97385.91025082533	-0.04324690660087568
	97386.88685925741	-0.05133212966138632
	97387.8634676895	-0.024897291899037756
	97388.84007612157	-0.038564246922197315
	97389.81668455366	-0.09903949066692315
	97390.79329298575	-0.024806580354935815
	97391.76990141782	-0.01790764336218006
	97392.74650984991	-0.01976861589720027
	97393.723118282	-0.023881776054717033
	97394.69972671408	-0.0038463744305622825
	97395.67633514616	0.012137535885273906
	97396.65294357824	-0.002180005422952571
	97397.62955201033	-0.037039946279780335
	97398.6061604424	-0.025970114310034802
	97399.58276887449	-0.037269289954957506
	97400.55937730658	-0.022680078323648788
	97401.53598573866	-0.014835137227343214
	97402.51259417074	-0.010713511040786237
	97403.48920260282	0.0024303526024761187
	97404.46581103491	-0.0469789257627293
	97405.44241946698	-0.029319935187151053
	97406.41902789907	0.009601905489729745
	97407.39563633116	-0.010409506236170674
	97408.37224476325	0.008913735176559587
	97409.34885319532	0.031785466771936124
	97410.3254616274	0.0390076839179842
	97411.3020700595	0.01190689872800119
	97412.27867849157	-0.01387066405492134
	97413.25528692365	-0.03913081545320291
	97414.23189535574	-0.05925559972109127
	97415.20850378783	-0.06144836157627631
	97416.1851122199	-0.050302532276863265
	97417.16172065199	-0.04048853501187547
	97418.13832908407	0.0009140186368621695
	97419.11493751615	-0.0006035092559966805
	97420.09154594823	-0.0349181789533541
	97421.06815438032	-0.014391816164059526
	97422.04476281241	-0.026249084502290784
	97423.02137124448	-0.03732123308660865
	97423.99797967657	-0.05654781049824295
	97424.97458810866	-0.007251643395539965
	97425.95119654074	0.014103288000737388
	97426.92780497282	-0.006458728948304792
	97427.9044134049	-0.02073134267435379
	97428.88102183699	-0.005975466600443982
	97429.85763026906	-0.009894049214122602
	97430.83423870115	-0.004581616803305089
	97431.81084713324	-0.016627731432671697
	97432.78745556533	0.0042306825174927955
	97433.7640639974	0.02528782272978894
	97434.74067242949	-0.009895350914377106
	97435.71728086157	-0.04555099246727551
	97436.69388929365	-0.05104048799522483
	97437.67049772573	-0.04142377813598746
	97438.64710615782	-0.009406477466356138
	97439.6237145899	-0.032822701712640644
	97440.60032302198	-0.027848590303390357
	97441.57693145407	-0.007971334327213753
	97442.55353988615	-0.013915443435293055
	97443.53014831823	0.02842477121239956
	97444.50675675031	0.057845396602814535
	97445.4833651824	0.0486602628530449
	97446.45997361449	0.04105856430551648
	97447.43658204656	0.034761641453083525
	97448.41319047865	0.019840976820029572
	97449.38979891074	-0.008623963654505459
	97450.36640734281	0.07014062982332919
	97451.3430157749	0.09873737103952242
	97452.31962420698	0.025925685727017665
	97453.29623263907	0.002057842345061391
	97454.27284107114	-0.012361792221417516
	97455.24944950323	-0.024647216633828472
	97456.22605793532	-0.012783843500006109
	97457.20266636739	0.00037319717208678826
	97458.17927479948	0.012536620461256495
	97459.15588323156	0.025332107381064447
	97460.13249166365	0.004775623206990611
	97461.10910009572	4.5442021193676374e-05
	97462.08570852781	-0.0006041628005166584
	97463.0623169599	0.008040305863615602
	97464.03892539199	-0.01241716114186026
	97465.01553382406	-0.023008716970839456
	97465.99214225615	-0.0018387553051600035
	97466.96875068823	-0.009614882152690848
	97467.9453591203	-0.014407786408870017
	97468.9219675524	-0.034563148145833646
	97469.89857598448	-0.030185602673238155
	97470.87518441657	0.022819520730364622
	97471.85179284864	0.06914092338733605
	97472.82840128073	0.0309985264021939
	97473.80500971281	-0.014785465494265274
	97474.78161814489	0.006162087216091161
	97475.75822657697	-0.02234595592207373
	97476.73483500906	-0.03536501078044702
	97477.71144344115	-0.013354572536566887
	97478.68805187322	0.013965802707997028
	97479.66466030531	0.013817089288191104
	97480.6412687374	-0.017556044150044848
	97481.61787716947	-0.01834513675946535
	97482.59448560156	-0.007036297727761672
	97483.57109403364	-0.02972609027785622
	97484.54770246573	-0.015952424492163008
	97485.5243108978	-0.03448112782158719
	97486.50091932989	-0.013935190976439731
	97487.47752776198	-0.03399322662667656
	97488.45413619405	-0.010998345693988372
	97489.43074462614	0.02688112233547289
	97490.40735305822	0.018038086031705487
	97491.38396149031	-0.019413718628110244
	97492.36056992238	-0.03674934174252359
	97493.33717835447	-0.004263794449282801
	97494.31378678656	-0.008487980833048827
	97495.29039521863	-0.037125640719805356
	97496.26700365072	-0.02954731764472079
	97497.2436120828	-0.04141578920594946
	97498.2202205149	-0.01648438549045961
	97499.19682894697	-0.00805016007747855
	97500.17343737905	-0.00029504670853162745
	97501.15004581114	0.0021326396847605672
	97502.12665424323	-0.018105364953068
	97503.1032626753	0.009426130365594632
	97504.07987110739	0.011212660415411396
	97505.05647953947	0.005118110174146458
	97506.03308797155	-0.04084363297533377
	97507.00969640363	-0.06145718369529353
	97507.98630483572	0.022080990316186284
	97508.96291326781	0.012823532609866859
	97509.93952169988	-0.009020007264478542
	97510.91613013197	-0.022631700281806444
	97511.89273856406	0.03311400915306249
	97512.86934699613	0.13661932380828007
	97513.84595542822	0.11961911682656395
	97514.8225638603	0.024124991471141156
	97515.79917229239	0.03295876145600147
	97516.77578072446	0.00023406966701700505
	97517.75238915655	0.004674690205175422
	97518.72899758864	0.003681189331434625
	97519.70560602071	-0.015869367963599428
	97520.6822144528	-0.030572615149270586
	97521.65882288489	0.02987483731999932
	97522.63543131697	0.08389595437744066
	97523.61203974904	0.2529834986286316
	97524.58864818113	0.19758966164649547
	97525.56525661322	0.06338277819716716
	97526.54186504529	0.01956838563806789
	97527.51847347738	0.0031392453247670597
	97528.49508190947	0.006083030404616306
	97529.47169034155	-0.0032888603772415403
	97530.44829877363	-0.05584967326876107
	97531.42490720571	-0.0005506565158923579
	97532.4015156378	-0.005753824070495179
	97533.37812406987	0.05747315951417488
	97534.35473250196	0.08418721590196424
	97535.33134093405	0.060266324042657624
	97536.30794936614	0.06859678707577932
	97537.28455779821	0.1322938678193583
	97538.2611662303	0.039764741046040886
	97539.23777466238	-0.009460192484967345
	97540.21438309447	-0.005773779910772372
	97541.19099152654	0.003432049860441702
	97542.16759995863	0.015955602496473594
	97543.14420839072	-0.003949265946264201
	97544.12081682279	-0.008250922260228569
	97545.09742525488	-0.017354732036290184
	97546.07403368696	0.009808083025183564
	97547.05064211905	0.014599018259338004
	97548.02725055112	0.01624487204211016
	97549.00385898321	0.05801487441096975
	97549.9804674153	0.15092526143840584
	97550.95707584737	0.11475364436073707
	97551.93368427946	0.02137218433546025
	97552.91029271155	0.030070918903223817
	97553.88690114363	-0.013846898982353854
	97554.8635095757	-0.018213311799202075
	97555.84011800779	-0.01817762140719353
	97556.81672643988	-0.07806072017575685
	97557.79333487195	-0.07939733231761471
	97558.76994330404	-0.0020945144915918124
	97559.74655173613	0.06119696903489137
	97560.72316016821	0.1595235824810801
	97561.69976860029	0.21120589235480242
	97562.67637703237	0.12259578123489918
	97563.65298546446	0.07317523990135094
	97564.62959389653	0.07255627868478126
	97565.60620232862	0.024927405365101463
	97566.58281076071	-0.03011846331583585
	97567.5594191928	0.022905790568135145
	97568.53602762487	0.47876342701207514
	97569.51263605696	2.4105111699130366
	97570.48924448904	2.6877285231666823
	97571.46585292113	0.8091679576251442
	97572.4424613532	0.19640691535019617
	97573.41906978529	0.05052250064479343
	97574.39567821738	-0.023948069754003026
	97575.37228664945	-0.022634279106871727
	97576.34889508154	1.7190481599481912e-05
	97577.32550351362	-0.010862126386107653
	97578.30211194571	-0.004656494771483974
	97579.27872037778	0.0053545874306420126
	97580.25532880987	-0.0058443726083763
	97581.23193724196	-0.03394282850571687
	97582.20854567403	-0.03801092797456282
	97583.18515410612	0.02309187187758731
	97584.1617625382	0.10293922505200452
	97585.1383709703	0.05513564349144309
	97586.11497940237	0.03362382960079651
	97587.09158783445	0.08507615656651016
	97588.06819626654	0.16046344285515748
	97589.04480469861	0.06232620885280834
	97590.0214131307	-0.008867463610304266
	97590.99802156279	-0.026160447185954824
	97591.97462999487	-0.04640033418453595
	97592.95123842695	-0.013860249526215672
	97593.92784685903	-0.037071684040086456
	97594.90445529112	-0.03638485492535606
	97595.8810637232	-0.023425227679386845
	97596.85767215528	0.015047585913590369
	97597.83428058737	-0.026207484729871763
	97598.81088901946	-0.021427043012697
	97599.78749745153	0.003372023184150111
	97600.76410588362	-0.03316561757492642
	97601.7407143157	-0.00011921323752920212
	97602.71732274778	0.03158317932509901
	97603.69393117986	-0.00010503554023235397
	97604.67053961195	0.07938394568275572
	97605.64714804404	0.09504308943319152
	97606.62375647611	0.01468640178426767
	97607.6003649082	-0.01869313883583567
	97608.57697334028	-0.004344171864406758
	97609.55358177237	0.01619436005018371
	97610.53019020444	0.009052614002087803
	97611.50679863653	0.0004811567190148234
	97612.48340706862	-0.023710247063670687
	97613.46001550069	0.012131239814437651
	97614.43662393278	-0.01599028451067782
	97615.41323236487	-0.026035851914485958
	97616.38984079695	-0.011068208735759397
	97617.36644922903	0.006840702996577989
	97618.34305766111	0.14957099282972897
	97619.3196660932	0.18701759776073906
	97620.29627452527	0.08686452727613186
	97621.27288295736	-0.013247113714770548
	97622.24949138945	-0.03757643257519173
	97623.22609982154	-0.02483856666233048
	97624.20270825361	-0.023796671397378313
	97625.1793166857	-0.04188333055571178
	97626.15592511778	-0.04335630092906538
	97627.13253354985	-0.042873277783919486
	97628.10914198194	-0.03988888239016198
	97629.08575041403	-0.0416354451513224
	97630.06235884612	-0.015730086839757462
	97631.03896727819	0.025599922475970507
	97632.01557571028	0.0987398403764437
	97632.99218414236	0.1237949769643482
	97633.96879257444	0.03380993284100533
	97634.94540100652	0.03611040530432648
	97635.92200943861	0.11780930295277599
	97636.8986178707	0.2638196519505742
	97637.87522630277	0.14722770031090915
	97638.85183473486	0.09999348055280823
	97639.82844316695	0.023666789599394743
	97640.80505159902	-3.696781733704895e-05
	97641.7816600311	-0.0047671009844767
	97642.75826846319	-0.04054826832608935
	97643.73487689528	-0.03298114426576832
	97644.71148532735	-0.047883214426447114
	97645.68809375944	-0.0013033720052669547
	97646.66470219153	0.01141230179547159
	97647.64131062361	0.040704902474654
	97648.61791905569	0.0889544650960518
	97649.59452748777	0.04105436438391236
	97650.57113591986	0.01618963388792212
	97651.54774435193	0.022515273731645285
	97652.52435278402	0.009042005196667622
	97653.50096121611	-0.004480884565492805
	97654.4775696482	-0.020667340850507518
	97655.45417808027	-0.03415649377135081
	97656.43078651236	-0.014049916978462862
	97657.40739494444	0.002087011740381055
	97658.38400337652	0.010660789500761185
	97659.3606118086	0.06660723984278556
	97660.33722024069	0.035767604318280445
	97661.31382867278	-0.0037357537017771395
	97662.29043710485	-0.01954548027804139
	97663.26704553694	0.03189866044281522
	97664.24365396902	0.15046780821148042
	97665.2202624011	0.2771817780653034
	97666.19687083318	0.28444180988753465
	97667.17347926527	0.10429003439677664
	97668.15008769736	-0.01023795817642166
	97669.12669612943	-0.008905915591836858
	97670.10330456152	-0.005636371171351245
	97671.0799129936	-0.03291762333860011
	97672.05652142568	-0.059250987981513376
	97673.03312985777	-0.0198816138282389
	97674.00973828985	-0.010298389296279922
	97674.98634672194	-0.00445973397624309
	97675.96295515401	-0.013237290846181792
	97676.9395635861	0.06532198301202467
	97677.91617201819	0.13949713778553244
	97678.89278045026	0.08990475637433747
	97679.86938888235	0.00690416512184545
	97680.84599731443	0.020369162854602208
	97681.82260574652	0.03738555043803039
	97682.7992141786	0.002467907095959148
	97683.77582261068	-0.04272080479720385
	97684.75243104277	0.043793738573854636
	97685.72903947486	0.13175456731995502
	97686.70564790693	0.05552711812178012
	97687.68225633902	0.03162907057698581
	97688.6588647711	0.06320086311704827
	97689.63547320318	0.04823656589843156
	97690.61208163526	0.013862472582664301
	97691.58869006735	0.02852733773180738
	97692.56529849944	0.027542662097841713
	97693.54190693151	0.016950727041566718
	97694.5185153636	0.03054503158934098
	97695.49512379568	0.049643481757159935
	97696.47173222776	0.10650762321215178
	97697.44834065984	0.0214308946713806
	97698.42494909193	-0.005487519775838397
	97699.40155752402	-0.015878655599088083
	97700.37816595609	0.002730610929542733
	97701.35477438818	0.07142624337379237
	97702.33138282027	0.23841392123046895
	97703.30799125234	0.1838412129126527
	97704.28459968443	0.06658224853226556
	97705.26120811651	-0.0018127015424931187
	97706.2378165486	-0.03495568406503114
	97707.21442498067	-0.02579420684989854
	97708.19103341276	-0.02720910144346491
	97709.16764184485	-0.017937071435669805
	97710.14425027692	-0.024044952350034093
	97711.12085870901	-0.01738776459122901
	97712.0974671411	0.004006602791210651
	97713.07407557318	0.01955218751119575
	97714.05068400525	0.02501544970112868
	97715.02729243734	0.02375974190768506
	97716.00390086943	0.04943439509171825
	97716.9805093015	0.015750106707691235
	97717.95711773359	-0.005022746336574095
	97718.93372616568	0.006866201549222927
	97719.91033459776	0.014040080181755446
	97720.88694302984	-0.012199704248210071
	97721.86355146192	-0.015832959942091083
	97722.84015989401	-0.008715174480307118
	97723.8167683261	0.007989532886494127
	97724.79337675817	0.01651321006314546
	97725.76998519026	0.04911449199000094
	97726.74659362235	0.01859098795184475
	97727.72320205442	-0.042071361754694885
	97728.6998104865	-0.03560803104845419
	97729.67641891859	-0.03429147837124603
	97730.65302735068	-0.05433430421855159
	97731.62963578275	-0.010371692180139901
	97732.60624421484	-0.01183557350213741
	97733.58285264693	-0.005173897993420561
	97734.559461079	-0.009150474928214412
	97735.53606951109	0.011933819261904738
	97736.51267794317	-0.023811675728938126
	97737.48928637526	0.0013257998731249663
	97738.46589480733	-0.007312087519057997
	97739.44250323942	0.045499834486340596
	97740.41911167151	0.0632318648410185
	97741.39572010358	0.0030707601586832728
	97742.37232853567	0.06898627683768226
	97743.34893696776	0.11162403808615523
	97744.32554539984	0.03912187021274313
	97745.30215383192	-0.005316895682868539
	97746.278762264	0.011275500593993154
	97747.25537069609	-0.0023500154491475013
	97748.23197912816	-0.025803489884029165
	97749.20858756025	-0.027145355552989605
	97750.18519599234	0.00016219675869642568
	97751.16180442442	-0.025323102963805903
	97752.1384128565	-0.03678793835965683
	97753.11502128858	-0.02444995118768103
	97754.09162972067	-0.002582208184959026
	97755.06823815276	-0.0019344591333385326
	97756.04484658483	0.0006331891987792168
	97757.02145501692	-0.0002784800069553825
	97757.998063449	0.021228971211607037
	97758.97467188108	-0.00021022878111332484
	97759.95128031317	-0.012830215398303188
	97760.92788874525	0.11258761564557138
	97761.90449717734	0.2383843068125971
	97762.88110560941	0.049216102832846984
	97763.8577140415	-0.023140195757110536
	97764.83432247359	-0.00013938637295550626
	97765.81093090566	0.006858613464881298
	97766.78753933775	-0.01155941635475675
	97767.76414776983	-0.03474524497794425
	97768.74075620192	-0.00923414951829191
	97769.717364634	0.01588790944069309
	97770.69397306608	0.0745917758237824
	97771.67058149817	0.10794858860145465
	97772.64718993024	0.04760815655164631
	97773.62379836233	0.0015537769067239845
	97774.60040679442	0.0061908453550415
	97775.5770152265	-0.024047367861441914
	97776.55362365858	-0.006657513453833413
	97777.53023209066	-0.05067397139588487
	97778.50684052275	-0.03185663701246671
	97779.48344895482	-0.04904774573703139
	97780.46005738691	-0.0337253248794255
	97781.436665819	-0.04333037435204577
	97782.41327425108	-0.02074434840381364
	97783.38988268316	-0.01512931491921951
	97784.36649111523	-0.02165012065559698
	97785.34309954733	0.0030617402170766425
	97786.31970797939	-0.021394794816264388
	97787.29631641149	-0.04044777266919005
	97788.27292484356	-0.011665038717748996
	97789.24953327565	0.0227493414501732
	97790.22614170772	0.006803292022702498
	97791.20275013981	-0.024186293861927194
	97792.1793585719	-0.0037199996677797402
	97793.15596700397	-0.028784732461094743
	97794.13257543606	-0.0406463304103826
	97795.10918386815	-0.0019279468235149937
	97796.08579230023	0.0033648758987489488
	97797.0624007323	-0.0003624541049270486
	97798.0390091644	0.014328713065307206
	97799.01561759648	0.017005786629639447
	97799.99222602855	-0.041729602361805194
	97800.96883446064	-0.03464226137676778
	97801.94544289273	0.029474588494249377
	97802.92205132481	0.10711171853648203
	97803.89865975689	0.11250570208233739
	97804.87526818897	0.01813944663418312
	97805.85187662106	-0.014997328050606624
	97806.82848505315	-0.0044123089317057
	97807.80509348522	-0.011507170030771818
	97808.78170191731	-0.04826124324785969
	97809.7583103494	-0.024730527688411923
	97810.73491878147	-0.00826539994863195
	97811.71152721356	0.0078550363212009
	97812.68813564564	0.06643429533366524
	97813.66474407773	0.048880081304228516
	97814.6413525098	0.027797144980078282
	97815.61796094189	0.05867415925318792
	97816.59456937398	0.08812161874493211
	97817.57117780605	0.05264959732635935
	97818.54778623814	-0.01053290389384526
	97819.52439467022	0.02798675504743178
	97820.50100310231	0.04119749978927931
	97821.47761153438	-0.008568348297002848
	97822.45421996647	-0.033118790523064025
	97823.43082839856	0.004567442786443467
	97824.40743683063	-0.02105148782539133
	97825.38404526272	-0.029161859013778282
	97826.3606536948	0.0010943408267692744
	97827.3372621269	0.03395452384120141
	97828.31387055897	0.015218176902931674
	97829.29047899105	0.018749593459374717
	97830.26708742314	0.05575418339518243
	97831.24369585521	0.11314363007396559
	97832.2203042873	0.18760379146338652
	97833.19691271939	0.09827234206592492
	97834.17352115148	0.024943122462102438
	97835.15012958355	-0.006348037129690579
	97836.12673801564	-0.004897315280227403
	97837.10334644772	-0.01507510692706349
	97838.0799548798	-0.022912728481852936
	97839.05656331188	-0.009571400472449705
	97840.03317174397	-0.01010713622639948
	97841.00978017606	-0.02901681630561054
	97841.98638860813	-0.015767363104154435
	97842.96299704022	-0.00912802680838024
	97843.9396054723	0.06341256876674921
	97844.91621390439	0.10450199212008386
	97845.89282233646	0.0050873372086254545
	97846.86943076855	-0.023676469576516646
	97847.84603920064	0.0026769038436603955
	97848.82264763271	-0.030809459712459603
	97849.7992560648	-0.030676849092265427
	97850.77586449689	-0.012359728470496111
	97851.75247292897	0.010732627788820002
	97852.72908136105	-0.001687279596239991
	97853.70568979313	0.003234079525826407
	97854.68229822522	0.04330307276318063
	97855.65890665729	0.07235891022351665
	97856.63551508938	0.10421641869200537
	97857.61212352147	0.05622190191689693
	97858.58873195355	0.03550519095531806
	97859.56534038563	0.01980381268811037
	97860.54194881771	0.014375024659571323
	97861.5185572498	0.04476414597110411
	97862.49516568187	0.006484359980661596
	97863.47177411396	0.025267369127274314
	97864.44838254605	0.10955020047601409
	97865.42499097814	0.09359835375656476
	97866.40159941021	0.011893610754694988
	97867.3782078423	-0.007401019013094152
	97868.35481627438	-0.01774189219090788
	97869.33142470646	-0.028519198517498463
	97870.30803313854	-0.02333200010896103
	97871.28464157063	0.05318319685475858
	97872.26125000272	0.07440868031574589
	97873.23785843479	0.08497997121793835
	97874.21446686688	0.03479891488690862
	97875.19107529896	0.00031262305160011024
	97876.16768373104	-0.028567537100009407
	97877.14429216312	0.02141868963127162
	97878.12090059521	0.02253478971623935
	97879.0975090273	0.0388742832508466
	97880.07411745937	0.07191623979231056
	97881.05072589146	0.07782166398922166
	97882.02733432355	0.02487642912587388
	97883.00394275563	0.04701753542995191
	97883.9805511877	0.0909695518058764
	97884.9571596198	0.04396395116750988
	97885.93376805188	0.006282094846834284
	97886.91037648395	-0.028842280133234543
	97887.88698491604	-0.057724786561501956
	97888.86359334813	-0.029588757245214876
	97889.84020178021	0.005008009759118293
	97890.81681021229	-0.011758920277052299
	97891.79341864437	-0.015758029470712576
	97892.77002707646	0.022638903616657984
	97893.74663550853	0.027748717247297588
	97894.72324394062	-0.025502925382139375
	97895.69985237271	-0.02796784645754221
	97896.6764608048	-0.008463467246327894
	97897.65306923687	0.005307322802165379
	97898.62967766896	-0.028684953717047927
	97899.60628610104	-0.002120607920518899
	97900.58289453312	0.0224255249944381
	97901.5595029652	-0.007407313302993964
	97902.53611139729	0.021491927831966677
	97903.51271982938	0.017339167520237085
	97904.48932826145	-0.016931751702949943
	97905.46593669354	-0.00839067564725672
	97906.44254512562	0.008260686329944016
	97907.4191535577	-0.009893414139921723
	97908.39576198978	-0.012805654532210166
	97909.37237042187	-0.03851394541243871
	97910.34897885396	-0.03662637102952053
	97911.32558728603	-0.031823002810915164
	97912.30219571812	-0.006288356453619254
	97913.2788041502	-0.029642377271427007
	97914.25541258228	-0.05177751461376355
	97915.23202101437	-0.027032734262897457
	97916.20862944645	-0.0016298636841334672
	97917.18523787854	-0.005664911433312715
	97918.16184631061	0.0026922879712839754
	97919.1384547427	0.028235508496371874
	97920.11506317479	0.04259231219027516
	97921.09167160688	0.03750333322179617
	97922.06828003895	-0.004522340738725616
	97923.04488847103	-0.03346933367416657
	97924.02149690312	-0.03299611761728917
	97924.9981053352	-0.043440884341282564
	97925.97471376728	-0.015630414582326682
	97926.95132219937	0.024458494594929565
	97927.92793063146	0.024840244757339765
	97928.90453906353	0.045517083044653336
	97929.88114749562	0.04958453299326611
	97930.8577559277	0.03891858440005751
	97931.83436435978	0.055243983861983405
	97932.81097279186	0.011914963904019832
	97933.78758122395	0.0037761780457869778
	97934.76418965604	-0.005747897929162683
	97935.74079808811	-0.01939340109202577
	97936.7174065202	-0.017883397592113923
	97937.69401495229	0.00438380031838598
	97938.67062338436	-0.015394197782659373
	97939.64723181645	-0.02160697528081684
	97940.62384024853	0.00948965112222049
	97941.60044868062	0.011131932095518106
	97942.57705711269	0.005375172869282331
	97943.55366554478	0.01573823711008735
	97944.53027397687	0.026793902518477207
	97945.50688240894	0.008856546236970726
	97946.48349084103	-0.005097056364157921
	97947.46009927311	0.029738462359295847
	97948.4367077052	0.05383456314477116
	97949.41331613727	0.13731978314713006
	97950.38992456936	0.30216789460533755
	97951.36653300145	0.10908771258565239
	97952.34314143354	0.026393601592209378
	97953.31974986561	0.02384614929268406
	97954.2963582977	0.0009157027480194372
	97955.27296672978	-0.03949065952625967
	97956.24957516186	-0.03458306273689642
	97957.22618359394	0.019131576774005878
	97958.20279202603	0.009931513184983488
	97959.17940045812	-0.02138594737062371
	97960.15600889019	-0.00569396693717111
	97961.13261732228	0.026020011417588258
	97962.10922575436	0.11188993804248314
	97963.08583418644	0.31824626998836153
	97964.06244261852	0.7099150290141509
	97965.03905105061	1.523431173686334
	97966.0156594827	3.233405404428909
	97966.99226791477	3.2328567238261177
	97967.96887634686	6.637666651237379
	97968.94548477895	6.932785929649302
	97969.92209321102	3.0556981237495764
	97970.8987016431	2.0412602183394486
	97971.8753100752	0.8090905618468008
	97972.85191850728	0.23827201699300338
	97973.82852693935	0.02800152516128878
	97974.80513537144	0.02361344951536819
	97975.78174380353	0.0018671371857584887
	97976.7583522356	0.013800240643081649
	97977.73496066769	-0.044390497952942025
	97978.71156909977	-0.09956234876319664
	97979.68817753186	-0.06380986073839609
	97980.66478596393	0.0006141217508788013
	97981.64139439602	-0.01936280945028252
	97982.61800282811	-0.07638950189811763
	97983.59461126018	-0.036773895950365405
	97984.57121969227	-0.008528169147942934
	97985.54782812436	0.05913603818046615
	97986.52443655644	0.002315599568731818
	97987.50104498852	-0.04159417301145926
	97988.4776534206	-0.1309459005570338
	97989.45426185269	-0.039675069551788636
	97990.43087028478	-0.0008428953496631121
	97991.40747871685	0.014983566604248773
	97992.38408714894	0.08062576773491019
	97993.36069558102	0.07167225208430233
	97994.3373040131	0.020862983792114122
	97995.31391244518	-0.045631402051199636
	97996.29052087727	-0.0738406449258821
	97997.26712930936	-0.05263920409154209
	97998.24373774143	-0.10131293355826405
	97999.22034617352	-0.13619129800847357
	98000.1969546056	-0.05383840065217013
	98001.17356303768	-0.039072532972550346
	98002.15017146977	-0.005223907382710344
	98003.12677990185	0.004639996774938516
	98004.10338833394	-0.0023664683263937424
	98005.07999676601	0.03190662193387754
	98006.0566051981	0.02950630861988301
	98007.03321363019	-0.011757935806659204
	98008.00982206226	-0.01805779194497851
	98008.98643049435	-0.003934574908738054
	98009.96303892643	-0.015055078194801487
	98010.93964735852	-0.023288150718280706
	98011.9162557906	-0.03766235098024258
	98012.89286422268	-0.015376445974923018
	98013.86947265477	-0.049434980440522504
	98014.84608108684	-0.03551370953356978
	98015.82268951893	-0.014933365313092363
	98016.79929795102	0.03488074727411485
	98017.7759063831	0.13545304309880993
	98018.75251481518	0.10640204880695402
	98019.72912324726	0.12147903265382141
	98020.70573167935	0.09352533249035053
	98021.68234011142	0.07954896829178071
	98022.65894854351	0.0060227771828361126
	98023.6355569756	-0.0028383468619021697
	98024.61216540769	0.0027774723247625
	98025.58877383976	0.06520071850627192
	98026.56538227185	0.14472111383287778
	98027.54199070393	0.16089578055702405
	98028.51859913602	0.1467124643261076
	98029.49520756809	0.14365079148114124
	98030.47181600018	0.11004164660259799
	98031.44842443227	0.08345113022483952
	98032.42503286434	0.024595905619552032
	98033.40164129643	0.022123999379046903
	98034.37824972851	0.018184175999765906
	98035.3548581606	-0.038605475589100297
	98036.33146659267	-0.05248932154476626
	98037.30807502476	-0.03399300477511188
	98038.28468345685	-0.0081533864948074
	98039.26129188892	0.0585245703812215
	98040.23790032101	0.1283020032446533
	98041.2145087531	0.09215477638446956
	98042.19111718518	0.05180907374183624
	98043.16772561726	0.028364877167535284
	98044.14433404934	0.012893364056028572
	98045.12094248143	-0.01688564872325757
	98046.0975509135	-0.019221328805883675
	98047.07415934559	0.00947413723982774
	98048.05076777768	0.0733111509149339
	98049.02737620976	0.03222418464727799
	98050.00398464184	0.02092345163106069
	98050.98059307392	0.016833425755194795
	98051.95720150601	-0.023623701483562277
	98052.93380993808	-0.03944286400950192
	98053.91041837017	-0.02824064028325693
	98054.88702680226	0.0013115536094899334
	98055.86363523435	0.01477200688936442
	98056.84024366642	0.06419277842278444
	98057.8168520985	0.07553391630705704
	98058.79346053059	0.03884744444828965
	98059.77006896267	0.033766393430488414
	98060.74667739475	0.03456738132275346
	98061.72328582684	0.07109465517455064
	98062.69989425893	0.0003529449653717634
	98063.676502691	-0.018034525571526423
	98064.65311112309	-0.029206848708431436
	98065.62971955517	-0.05275069460055377
	98066.60632798726	-0.025029879112380086
	98067.58293641933	-0.011866215849867691
	98068.55954485142	-0.03358991518193931
	98069.53615328351	-0.04080576249471727
	98070.51276171558	-0.061333794340465986
	98071.48937014767	-0.024840159359141425
	98072.46597857976	-0.019459488843134806
	98073.44258701184	0.02064690062607567
	98074.41919544392	0.05444768121358753
	98075.395803876	0.05171327243945449
	98076.37241230809	0.041007337604728626
	98077.34902074016	0.03266143790375184
	98078.32562917225	0.0734287457920184
	98079.30223760434	0.05781697859945076
	98080.27884603642	-0.009193861648894795
	98081.2554544685	-0.040651551619936235
	98082.23206290058	-0.01571268596045383
	98083.20867133267	0.032371368378693186
	98084.18527976474	0.04820353799453217
	98085.16188819683	0.028591357101241176
	98086.13849662892	0.026394599150592293
	98087.115105061	-0.025489971820079373
	98088.09171349308	-0.01084464748255356
	98089.06832192517	0.013341668956230084
	98090.04493035725	0.033145653182578595
	98091.02153878933	0.04762292684771777
	98091.99814722141	0.00643730791832754
	98092.9747556535	-0.0013527861052498819
	98093.95136408559	-0.01067428559281902
	98094.92797251766	-0.0016649753547763096
	98095.90458094975	0.023438632946973313
	98096.88118938183	0.00821770267557734
	98097.85779781391	-0.01697518801811529
	98098.834406246	-0.02428851574851051
	98099.81101467808	-0.0224636496376454
	98100.78762311017	-0.03163741190262558
	98101.76423154224	-0.01769709981687335
	98102.74083997433	-0.009938960172444142
	98103.71744840642	0.028306263111584285
	98104.6940568385	0.10490859821214532
	98105.67066527058	0.05990518119773274
	98106.64727370266	0.008813036362794015
	98107.62388213475	-0.026813799135826266
	98108.60049056682	-0.006589990436714313
	98109.57709899891	-0.05417488677422973
	98110.553707431	-0.021322071649433852
	98111.53031586308	-0.016909642207871476
	98112.50692429516	0.0144017725647724
	98113.48353272724	0.008379405620889104
	98114.46014115933	-0.029512896906522666
	98115.4367495914	-0.03039028411090747
	98116.41335802349	-0.009357287294193932
	98117.38996645558	0.0052732399062003004
	98118.36657488767	0.009060949314895664
	98119.34318331974	-0.0014629361913220526
	98120.31979175183	0.0009222447376721969
	98121.29640018391	0.052711807797724455
	98122.27300861599	0.0681300993937135
	98123.24961704807	0.032821664090971654
	98124.22622548016	-0.02974051093845383
	98125.20283391225	-0.05689156797454629
	98126.17944234432	-0.02570473519034196
	98127.15605077641	-0.01416968455269556
	98128.1326592085	0.012229535458071634
	98129.10926764057	0.02227948267712566
	98130.08587607266	0.02009049890687418
	98131.06248450474	-0.01020447499644523
	98132.03909293683	0.005945899680438043
	98133.0157013689	0.01764788761514022
	98133.99230980099	-0.0001922837819875174
	98134.96891823308	-0.03937226790613174
	98135.94552666516	-0.012553319510983518
	98136.92213509724	0.005148946575017372
	98137.89874352932	0.00432058896783078
	98138.87535196141	-0.03696454591020192
	98139.85196039348	-0.016487093348272936
	98140.82856882557	-0.025272753174462228
	98141.80517725766	-0.00510403364571143
	98142.78178568975	-0.022161767935256333
	98143.75839412182	-0.03541589749985773
	98144.7350025539	-0.028564047167781645
	98145.71161098599	-0.030143644748662757
	98146.68821941807	0.053327655140213454
	98147.66482785015	0.07288004098993175
	98148.64143628224	0.04380652522836051
	98149.61804471433	0.040826598332205505
	98150.5946531464	0.0949266981710834
	98151.57126157849	0.08544282943327286
	98152.54787001057	0.09461238041345081
	98153.52447844265	0.06953240913374961
	98154.50108687473	0.05499586233874972
	98155.47769530682	0.0024086892534350107
	98156.45430373891	-0.03740512891388628
	98157.43091217098	-0.027105546176875484
	98158.40752060307	-0.01778912991255244
	98159.38412903516	0.03460298784009717
	98160.36073746723	0.08414161588594687
	98161.33734589932	0.061303416051806586
	98162.3139543314	0.07426591266535544
	98163.29056276349	0.30329634462225136
	98164.26717119556	0.6832418029634594
	98165.24377962765	0.7586975044492776
	98166.22038805974	0.3671594736561109
	98167.19699649181	0.12210344882418941
	98168.1736049239	0.0766576069713988
	98169.15021335598	0.12336871879210634
	98170.12682178807	0.09946538712494266
	98171.10343022014	0.016930660754470476
	98172.08003865223	0.003004864507524028
	98173.05664708432	0.01526295981656877
	98174.0332555164	-0.015771990815821257
	98175.00986394848	-0.029427161236723287
	98175.98647238057	-0.022718953101093918
	98176.96308081265	0.079225523532158
	98177.93968924473	0.2830896803589154
	98178.91629767681	0.2040324102469197
	98179.8929061089	0.055772951373437595
	98180.86951454099	-0.009831079548066347
	98181.84612297306	-0.017593330729551045
	98182.82273140515	-0.02738099959391723
	98183.79933983723	-0.027477978001865928
	98184.7759482693	-0.0003164511989498439
	98185.7525567014	-0.018500548622743924
	98186.72916513348	-0.008453723640447186
	98187.70577356557	0.028094188790450874
	98188.68238199764	0.018727760988368924
	98189.65899042973	-0.03193497447215357
	98190.63559886182	-0.04119975129205523
	98191.61220729389	-0.0037537508947423
	98192.58881572598	0.02506960773199385
	98193.56542415806	0.09128846461927231
	98194.54203259015	0.07263352296475253
	98195.51864102222	-0.0010155413413211187
	98196.49524945431	-0.03602294258757191
	98197.4718578864	-0.04817058519282458
	98198.44846631847	-0.031825963517580436
	98199.42507475056	0.000777827763790061
	98200.40168318264	-5.0055766088289154e-05
	98201.37829161473	0.005535942428122448
	98202.3549000468	0.0010239919233532705
	98203.33150847889	-0.03192231130821184
	98204.30811691098	-0.02537010316436055
	98205.28472534305	-0.012518264617400942
	98206.26133377514	-0.01121200461758856
	98207.23794220723	-0.024298887974086747
	98208.21455063931	-0.034777342194019525
	98209.19115907139	-0.04057396586146152
	98210.16776750347	-0.0006721817939284074
	98211.14437593556	0.05644152845642754
	98212.12098436765	-0.0025948635449602278
	98213.09759279972	0.016095248781007498
	98214.07420123181	0.1511413258566182
	98215.0508096639	0.19536329563572435
	98216.02741809597	0.14068929397648147
	98217.00402652805	0.16795977298014542
	98217.98063496014	0.1983801633467374
	98218.95724339223	0.03439898001067639
	98219.9338518243	-0.03611572383885599
	98220.91046025639	0.0055567987188438394
	98221.88706868848	0.05164086124718331
	98222.86367712055	0.025183492461552565
	98223.84028555264	0.0488391760915098
	98224.81689398472	0.2580180169893113
	98225.79350241681	0.22171753972398067
	98226.77011084888	0.11085264394308517
	98227.74671928097	0.036755664605719544
	98228.72332771306	0.037007610873049816
	98229.69993614513	0.01903711908132677
	98230.67654457722	-0.03129406842370448
	98231.6531530093	-0.011677383235871114
	98232.62976144139	0.009217890020840173
	98233.60636987347	-0.015103423689354908
	98234.58297830555	0.0013702450179973727
	98235.55958673764	0.018347484159414
	98236.53619516971	-0.0014169587812185897
	98237.5128036018	-0.0002768848454414434
	98238.48941203389	0.007377229464698745
	98239.46602046597	0.0036972578927722604
	98240.44262889805	0.03340725927102913
	98241.41923733013	-0.024332850873425283
	98242.39584576222	-0.020938760516077456
	98243.3724541943	0.0068254852970482255
	98244.34906262638	0.03591940184747081
	98245.32567105847	0.023592979347032313
	98246.30227949056	-0.027519780204292455
	98247.27888792263	-0.018876680751270095
	98248.25549635472	-0.02415209041048169
	98249.2321047868	-0.010976304325001369
	98250.20871321889	0.01022802772497541
	98251.18532165096	0.12265675903471032
	98252.16193008305	0.16734261032165335
	98253.13853851514	0.09037485027570627
	98254.11514694721	0.04714107556913594
	98255.0917553793	0.05857380938717411
	98256.06836381138	0.08928757866567542
	98257.04497224347	0.16611819772297504
	98258.02158067554	0.1898138737299155
	98258.99818910763	0.02196460552514367
	98259.97479753972	0.03646257805068891
	98260.95140597179	0.10657982782922648
	98261.92801440388	0.07452614841017542
	98262.90462283597	-0.019183856686461602
	98263.88123126805	-0.04846349330283554
	98264.85783970013	0.053623095161199286
	98265.83444813221	0.27916390248471046
	98266.8110565643	0.49418835396230193
	98267.78766499637	0.22754879801355074
	98268.76427342846	0.05531669615249583
	98269.74088186055	0.02718885269262705
	98270.71749029263	0.051459312935355446
	98271.6940987247	0.01800795366294227
	98272.6707071568	-0.03887808466328613
	98273.64731558888	-0.03785783859977013
	98274.62392402095	0.01056224356992394
	98275.60053245304	-0.002919690009614629
	98276.57714088513	-0.020662949016544595
	98277.55374931722	-0.01273949366431324
	98278.53035774929	-0.03191423476698416
	98279.50696618136	-0.012895997317819246
	98280.48357461346	-0.024371444963880693
	98281.46018304552	-0.0036756936097602183
	98282.43679147762	-0.020598450021200882
	98283.4133999097	-0.0014917608038663075
	98284.3900083418	0.0338149323773111
	98285.36661677386	-0.008351608751447954
	98286.34322520594	0.007207176540417306
	98287.31983363803	0.019251518562323315
	98288.2964420701	0.005165070573126138
	98289.27305050219	-0.000859393470076733
	98290.24965893428	0.003830375536009698
	98291.22626736636	-0.025210582466094394
	98292.20287579844	-0.05869280819943656
	98293.17948423052	-0.015574840429140572
	98294.15609266261	-0.003611578184810334
	98295.1327010947	0.017901133981278405
	98296.10930952677	0.023829394411632093
	98297.08591795886	0.09505733133727423
	98298.06252639095	0.07840937169750457
	98299.03913482302	0.05772296361316865
	98300.0157432551	0.03030383977943464
	98300.9923516872	0.009076632414621096
	98301.96896011928	-0.0019470157812796342
	98302.94556855135	-0.0011540163997801308
	98303.92217698344	-0.0378547298623557
	98304.89878541553	-0.03649826058509173
	98305.8753938476	-0.04505573887146055
	98306.85200227969	-0.027837440982998188
	98307.82861071177	-0.015387463883702355
	98308.80521914386	0.0010457597990569984
	98309.78182757593	-0.0033897229547711527
	98310.75843600802	-0.004316524782080515
	98311.73504444011	-0.014141201447263474
	98312.71165287218	-0.013426587715427965
	98313.68826130427	-0.02491498380501132
	98314.66486973636	-0.0027442536970189862
	98315.64147816844	0.0036788531525724874
	98316.61808660052	-0.03793839157071067
	98317.5946950326	-0.00113420540373058
	98318.57130346469	0.002216279700272329
	98319.54791189676	0.003268022168062528
	98320.52452032885	0.003784120404634479
	98321.50112876094	-0.048808284378260514
	98322.47773719302	-0.024668264933126325
	98323.4543456251	-0.033391545062324134
	98324.43095405718	-0.02036611694781593
	98325.40756248927	-0.030574260518394143
	98326.38417092134	-0.0233220888236115
	98327.36077935343	-0.028562880390901577
	98328.33738778552	-0.04781301048614664
	98329.3139962176	-0.02167782363467763
	98330.29060464968	-0.03189090104563125
	98331.26721308177	-0.0364384127678508
	98332.24382151385	-0.05590540419517177
	98333.22042994594	-0.03459343883945832
	98334.19703837801	0.021180492070501794
	98335.1736468101	-0.0012165659640124167
	98336.15025524219	-0.008285018364501597
	98337.12686367426	-0.02037995645204453
	98338.10347210635	-0.026193513059420744
	98339.08008053844	-0.01709415068610226
	98340.05668897052	0.014436668715875728
	98341.0332974026	-0.00516679669492152
	98342.00990583468	0.010779650051149845
	98342.98651426677	-0.0013956402712603437
	98343.96312269884	-0.005406515074746203
	98344.93973113093	-0.010666173948445703
	98345.91633956302	-0.01920825507137999
	98346.8929479951	-0.03281289279383118
	98347.86955642718	-0.01599746684242423
	98348.84616485926	-0.017256737216394678
	98349.82277329135	-0.0017358692390241032
	98350.79938172342	-0.04539157243374626
	98351.77599015551	-0.015423043818809332
	98352.7525985876	0.013173795135708148
	98353.72920701969	0.014681133964281586
	98354.70581545176	0.027174577931821573
	98355.68242388385	0.048824843191509044
	98356.65903231593	0.011782758307193204
	98357.635640748	-0.0023888562900989683
	98358.61224918009	-0.012174879732215758
	98359.58885761218	-0.03222896979799008
	98360.56546604427	-0.00270390850563658
	98361.54207447634	-0.0019193098332919811
	98362.51868290843	0.014639408440191537
	98363.49529134051	0.006511170468135113
	98364.47189977259	0.04159104525415874
	98365.44850820467	0.05131852516931912
	98366.42511663676	0.016079722935308793
	98367.40172506885	-0.012636740548449798
	98368.37833350092	0.010417536775609465
	98369.35494193301	0.02498328984041696
	98370.3315503651	0.009872317675740745
	98371.30815879718	0.019472363500260367
	98372.28476722926	0.04438702097481426
	98373.26137566134	0.032387559624997425
	98374.23798409343	0.069753874395036
	98375.2145925255	0.061185737146624224
	98376.19120095759	0.04602745734996866
	98377.16780938968	0.05428721278287974
	98378.14441782176	-0.005675354009397346
	98379.12102625384	-0.014418167114751928
	98380.09763468592	-0.0019209402194277684
	98381.07424311801	-0.015753376180451174
	98382.05085155008	-0.03480260914223008
	98383.02745998217	-0.058961762430430754
	98384.00406841426	-0.03479232631721587
	98384.98067684635	-0.02255681888341549
	98385.95728527842	-0.033642628680398315
	98386.9338937105	-0.03632084947033438
	98387.9105021426	-0.04299543749198481
	98388.88711057467	0.0029263355496034677
	98389.86371900675	-0.0012767307794089456
	98390.84032743884	0.010626903362103804
	98391.81693587093	0.014338957992365235
	98392.793544303	0.008716771005333059
	98393.77015273509	-0.0025785820297342067
	98394.74676116717	0.0034051732360665396
	98395.72336959925	-0.005945551241023808
	98396.69997803133	0.00361731621344395
	98397.67658646342	0.024136866162113486
	98398.65319489551	0.008211005624959963
	98399.62980332758	0.0021942235281049733
	98400.60641175967	-0.025672184790576324
	98401.58302019176	-0.018782459031774446
	98402.55962862383	-0.014844517246188526
	98403.53623705592	-0.008114551609978085
	98404.512845488	-0.011202146334779017
	98405.48945392009	-0.039190959310288334
	98406.46606235216	0.020408643097098653
	98407.44267078425	0.011491987991774798
	98408.41927921634	-0.0218492097164222
	98409.39588764842	-0.006265634555915211
	98410.3724960805	0.1302848718638595
	98411.34910451258	0.30621269627918435
	98412.32571294467	0.13633632722965455
	98413.30232137674	0.01808087266021738
	98414.27892980883	-0.019577861214103834
	98415.25553824092	-0.014447925740338277
	98416.232146673	0.010162127734547222
	98417.20875510508	0.04787746167230005
	98418.18536353717	0.21435920961335042
	98419.16197196925	0.42633443370794405
	98420.13858040133	0.3737310992566369
	98421.11518883341	0.11975835728604252
	98422.0917972655	0.14907617487935593
	98423.06840569759	0.3253752076494973
	98424.04501412966	0.10556438993268279
	98425.02162256175	0.029449945623910984
	98425.99823099384	0.024700250284243143
	98426.97483942591	0.0215975403438422
	98427.951447858	0.03490108623654946
	98428.92805629008	0.003959776153486526
	98429.90466472217	-0.021018972277420417
	98430.88127315424	0.0018965197184542437
	98431.85788158633	0.011710337661267412
	98432.83449001842	0.01552039545610423
	98433.81109845049	0.02080710544765664
	98434.78770688258	-0.009501958248542457
	98435.76431531466	-0.012776058816402775
	98436.74092374675	-0.01679846260111087
	98437.71753217882	-0.00937183292937987
	98438.69414061091	-0.008619497144920253
	98439.670749043	-0.014574218616891024
	98440.64735747507	-0.02919261452746985
	98441.62396590716	-0.04695332403789484
	98442.60057433925	-0.02444845788461538
	98443.57718277133	-0.014211938022130863
	98444.5537912034	-0.00314894164710285
	98445.53039963549	-0.015041983162462677
	98446.50700806758	0.0032253530042766344
	98447.48361649967	0.0008631030919133129
	98448.46022493174	-0.016447576170366247
	98449.43683336383	0.017261718619601775
	98450.41344179591	0.10084183317715846
	98451.39005022799	0.14865204887054995
	98452.36665866007	0.12036662840622894
	98453.34326709216	0.057142293420983946
	98454.31987552425	-0.0055269106850369485
	98455.29648395632	-0.015522148146544384
	98456.27309238841	-0.012478236469526519
	98457.2497008205	-0.020166342187435037
	98458.22630925257	-0.01791537256510683
	98459.20291768466	-0.020204872246650546
	98460.17952611674	-0.03193703329994458
	98461.15613454883	-0.003662212347563062
	98462.1327429809	0.016482119541093798
	98463.10935141299	0.01860797421692148
	98464.08595984508	-0.008354878667811145
	98465.06256827715	-0.04009840789868979
	98466.03917670924	-0.0528607179074038
	98467.01578514132	-0.025496808304981057
	98467.99239357341	-0.022839857727284526
	98468.96900200548	-0.004870310173876142
	98469.94561043757	0.01897345198742362
	98470.92221886966	-0.020475102361843692
	98471.89882730173	-0.030490458664991546
	98472.87543573382	-0.005948371188769583
	98473.8520441659	-0.006985391274112789
	98474.828652598	0.010868581939377262
	98475.80526103007	0.015417727776886464
	98476.78186946215	-0.007702701914179315
	98477.75847789424	-0.00035068728390154515
	98478.73508632631	0.035734603880763535
	98479.7116947584	0.022897386398746656
	98480.68830319049	0.015987635147152634
	98481.66491162257	0.012416301802723953
	98482.64152005465	0.01805983705793109
	98483.61812848673	-0.013593316725262783
	98484.59473691882	0.021178813178335903
	98485.57134535091	0.008570157360008988
	98486.54795378298	-0.00297067599586069
	98487.52456221507	0.007380614611744862
	98488.50117064716	-0.03409998266359241
	98489.47777907923	-0.009923260743968968
	98490.45438751132	-0.004581805119556635
	98491.4309959434	-0.004665724555536256
	98492.40760437549	-0.018067983790448165
	98493.38421280756	-0.056138329418226274
	98494.36082123965	-0.013352003226880566
	98495.33742967174	0.030393456634124464
	98496.31403810381	0.038598953753343546
	98497.2906465359	0.06571917846134641
	98498.26725496798	0.1452437073414017
	98499.24386340007	0.3536324588606662
	98500.22047183214	0.27053622418515116
	98501.19708026423	0.12340095577402083
	98502.17368869632	0.05286060954298255
	98503.15029712839	0.00408907305630983
	98504.12690556048	0.00714126535977265
	98505.10351399257	-0.010003517564579727
	98506.08012242465	0.011273492338610013
	98507.05673085673	0.05874016127352835
	98508.03333928881	0.030511641458619714
	98509.0099477209	0.08674265541281588
	98509.98655615297	0.44122537182940275
	98510.96316458506	1.0041724326627148
	98511.93977301715	1.0348499236832855
	98512.91638144923	0.5898366819963776
	98513.89298988131	0.2505258286572282
	98514.8695983134	0.15846641245753784
	98515.84620674548	0.04557806237934456
	98516.82281517757	0.03964550502522417
	98517.79942360964	0.15413337683331738
	98518.77603204173	0.5263206111280625
	98519.75264047382	0.7454609128616545
	98520.72924890589	0.8834870238211215
	98521.70585733798	0.8097872825227895
	98522.68246577006	0.39811016647357667
	98523.65907420215	0.17513883952668735
	98524.63568263422	0.09727835838318452
	98525.61229106631	0.14586818549555788
	98526.5888994984	0.10744250830662035
	98527.56550793047	0.04258307400967477
	98528.54211636256	0.01329120527084871
	98529.51872479465	0.03886931924963353
	98530.49533322673	0.31877764779496554
	98531.4719416588	0.43083691904806554
	98532.44855009089	0.2464554528202861
	98533.42515852298	0.05671915358900565
	98534.40176695505	0.03599327100869581
	98535.37837538714	0.06463819568064884
	98536.35498381923	0.014072523660820244
	98537.33159225131	-0.02105763713625851
	98538.30820068339	0.04922686136448756
	98539.28480911547	0.07796718166191473
	98540.26141754756	0.031069747456756436
	98541.23802597963	0.002049143513183867
	98542.21463441172	0.012815651230161165
	98543.19124284381	0.12097233541566646
	98544.1678512759	0.1799775655240686
	98545.14445970797	0.13677273462355857
	98546.12106814006	0.18738962866119513
	98547.09767657214	0.274961491907092
	98548.07428500422	0.1436597693899761
	98549.0508934363	0.12257273614727504
	98550.02750186839	0.14368170342665812
	98551.00411030048	0.35237441114792895
	98551.98071873255	0.744512211619148
	98552.95732716464	0.8064839161205685
	98553.93393559672	0.8403644650235752
	98554.91054402881	0.5227964278892875
	98555.88715246088	0.2397599021587221
	98556.86376089297	0.0805404107059345
	98557.84036932506	0.013688886141760136
	98558.81697775713	0.0018605864803046112
	98559.79358618922	-0.009620822407916538
	98560.7701946213	-0.019418027629030943
	98561.7468030534	0.009955008658049559
	98562.72341148547	-0.023981023563739375
	98563.70001991755	-0.015051932397078185
	98564.67662834964	0.017794048723794222
	98565.65323678171	0.05283268264270141
	98566.6298452138	0.05125768650354498
	98567.60645364589	0.009930935653062745
	98568.58306207797	-0.03712150062391315
	98569.55967051005	-0.0076533332797012075
	98570.53627894213	0.01597635746335297
	98571.51288737422	0.08620423820420346
	98572.4894958063	0.23073741733796416
	98573.46610423838	0.1260259295704268
	98574.44271267047	0.02206496026906112
	98575.41932110256	0.009823781535842182
	98576.39592953463	-0.043216983258451996
	98577.37253796672	-0.04527885809723293
	98578.3491463988	-0.001977433055031953
	98579.32575483088	-0.015523407154634312
	98580.30236326296	-0.022727755130985156
	98581.27897169505	-0.04475243836310032
	98582.25558012714	-0.03130056003552887
	98583.23218855921	-0.02744968595674587
	98584.2087969913	-0.02327247524708591
	98585.18540542338	-0.02838696790624634
	98586.16201385546	0.01381402085324852
	98587.13862228754	0.07260429704472032
	98588.11523071963	0.12017225613090703
	98589.09183915172	0.1471652098115264
	98590.06844758379	0.10948061041956093
	98591.04505601588	0.04442989429268597
	98592.02166444797	0.03935768778778727
	98592.99827288005	0.1796344813289728
	98593.97488131213	0.3939212995656669
	98594.95148974421	0.22019267142696647
	98595.9280981763	0.27596897317184627
	98596.90470660837	0.7140012267715135
	98597.88131504046	0.9302238607639145
	98598.85792347255	0.6367620388949902
	98599.83453190463	0.17860292360004032
	98600.81114033671	0.081972794848878
	98601.7877487688	0.050405160269312216
	98602.76435720088	-0.0016723079947892844
	98603.74096563295	0.04242566672471238
	98604.71757406504	0.18067182472472257
	98605.69418249713	0.25154097515098317
	98606.67079092922	0.2772721539951497
	98607.64739936129	0.39242329594505004
	98608.62400779338	0.2633061275520905
	98609.60061622546	0.08256318443906574
	98610.57722465754	0.04070801176698028
	98611.55383308962	0.0072238873427372605
	98612.53044152171	0.02644136908363868
	98613.5070499538	0.005056135818841251
	98614.48365838587	0.0030586060710960897
	98615.46026681796	-0.020071513741435516
	98616.43687525004	-0.022094767950397227
	98617.41348368212	-0.03211118859750654
	98618.3900921142	-0.038940528655608285
	98619.36670054629	0.004725258767350291
	98620.34330897838	0.008633115374051233
	98621.31991741045	0.0466484976423004
	98622.29652584254	0.03471097042303462
	98623.27313427463	0.04868798592348447
	98624.2497427067	0.05150486796134095
	98625.22635113879	0.009783656176646584
	98626.20295957087	-0.010730556875134453
	98627.17956800296	-0.03494911540575135
	98628.15617643503	0.05539870429401438
	98629.13278486712	0.13026106105887564
	98630.10939329921	0.16851345026007583
	98631.0860017313	0.15878836031925073
	98632.06261016337	0.14410953945563457
	98633.03921859546	0.08645281126637319
	98634.01582702754	0.005049620311451437
	98634.99243545962	0.023452066906617962
	98635.9690438917	-0.003356191816208059
	98636.94565232379	0.03390378739143012
	98637.92226075588	0.06577784178753357
	98638.89886918795	0.0718298073824342
	98639.87547762004	0.014267105853316532
	98640.85208605212	0.003292963297440454
	98641.8286944842	0.030685312529534322
	98642.80530291628	0.015938858497603025
	98643.78191134837	0.015717895377199857
	98644.75851978046	0.005294736902629924
	98645.73512821253	0.04373652383122283
	98646.71173664462	0.0712498432139763
	98647.6883450767	0.1848686587532618
	98648.66495350878	0.24237810759702874
	98649.64156194087	0.17850787972739268
	98650.61817037295	0.1930647806617144
	98651.59477880504	0.11086211774160144
	98652.57138723711	0.05396853560160573
	98653.5479956692	0.04978681460906133
	98654.52460410129	0.03276485702133352
	98655.50121253336	0.01406390002482853
	98656.47782096545	-0.001211596692611156
	98657.45442939753	0.006096098874071551
	98658.43103782962	0.12628040936850074
	98659.4076462617	0.20159949679371955
	98660.38425469378	0.12620534689290902
	98661.36086312587	0.08926121832926473
	98662.33747155794	0.0815861134745255
	98663.31407999003	0.06815046491450581
	98664.29068842212	0.03467937907981038
	98665.2672968542	0.02891336943878151
	98666.24390528628	0.00485979585503082
	98667.22051371836	-0.01847746657482474
	98668.19712215045	0.048860948292671846
	98669.17373058254	0.3005307702955926
	98670.15033901461	0.37649122888729847
	98671.1269474467	0.07450651971593508
	98672.10355587878	0.01719790098917938
	98673.08016431086	0.028323224422012957
	98674.05677274294	0.06094183801963258
	98675.03338117503	0.03254361324211652
	98676.00998960712	-0.027771615198032812
	98676.98659803919	-0.010810996100259951
	98677.96320647128	-0.03474478370586194
	98678.93981490337	-0.049705090832970505
	98679.91642333544	-0.0298560296808719
	98680.89303176753	0.013534569817532118
	98681.86964019961	-0.02538201438053048
	98682.8462486317	-0.022423785710090405
	98683.82285706377	0.02063514955701656
	98684.79946549586	0.018361928863938847
	98685.77607392795	0.02856445733327673
	98686.75268236002	0.2095603472997477
	98687.72929079211	0.6036783914183572
	98688.7058992242	0.6856823083326404
	98689.68250765628	0.38354319206705906
	98690.65911608835	0.1495256482860324
	98691.63572452044	0.023298242399335645
	98692.61233295253	-0.0008901770671993259
	98693.5889413846	0.03148047846178403
	98694.56554981669	0.026923571681635942
	98695.54215824878	0.015328420002584822
	98696.51876668086	-0.0037479448712634243
	98697.49537511294	0.03962766113873264
	98698.47198354502	0.27462849715685167
	98699.44859197711	0.4538459124487719
	98700.4252004092	0.2758280198638166
	98701.40180884127	0.1461149271282296
	98702.37841727336	0.012131892514423164
	98703.35502570544	0.028882880285483786
	98704.33163413752	0.04828539071195992
	98705.3082425696	0.02459709300097817
	98706.28485100169	0.019133515330996057
	98707.26145943378	-0.005730503774466247
	98708.23806786585	-0.02362715906629639
	98709.21467629794	-0.005270799290093169
	98710.19128473003	0.018365711093225143
	98711.1678931621	0.02793192483990816
	98712.14450159419	0.04791587562408112
	98713.12111002627	0.06607018120997875
	98714.09771845836	0.0397804220739088
	98715.07432689043	0.03271636492583037
	98716.05093532252	0.03762082372607343
	98717.02754375461	0.02795943996308253
	98718.00415218668	-0.005545545639785322
	98718.98076061877	0.006875232434599325
	98719.95736905086	-0.010627003714463932
	98720.93397748294	0.03900398038280264
	98721.91058591501	0.1157141151134745
	98722.8871943471	0.16500831397878385
	98723.86380277919	0.11977608577504152
	98724.84041121126	0.14948195657351418
	98725.81701964335	0.2309180666943316
	98726.79362807544	0.16635198521118585
	98727.77023650752	0.07196393573566814
	98728.7468449396	0.009560912510824015
	98729.72345337168	0.01685970563043575
	98730.70006180377	0.02273258095929628
	98731.67667023584	0.04327936946680214
	98732.65327866793	0.06998770036849424
	98733.62988710002	0.08701369882829905
	98734.6064955321	0.2640175342200479
	98735.58310396418	0.3040766456674882
	98736.55971239627	0.10506634913517399
	98737.53632082835	0.07025780441110617
	98738.51292926044	0.023585213972544615
	98739.48953769251	0.011937820181166363
	98740.4661461246	0.017951035122944266
	98741.44275455669	0.039535194286514606
	98742.41936298876	0.09171005729066994
	98743.39597142085	0.08873761254123494
	98744.37257985293	0.040006305999513395
	98745.34918828502	-0.0073858002765578145
	98746.3257967171	-0.0052499968211051845
	98747.30240514918	0.0265402615320282
	98748.27901358127	0.046622647135848475
	98749.25562201334	0.03843854201887585
	98750.23223044543	0.02209927885856159
	98751.20883887752	0.041964263626968264
	98752.1854473096	0.024796018379653027
	98753.16205574168	-0.007443033956584701
	98754.13866417376	-0.010441985746350984
	98755.11527260585	-0.0009237164505303009
	98756.09188103792	-0.005126735238233668
	98757.06848947001	-0.001624143516097621
	98758.0450979021	-0.004598387390584999
	98759.02170633418	-0.020228374702809436
	98759.99831476626	0.00343518474871973
	98760.97492319834	0.026723484736174013
	98761.95153163043	-0.0003701503362911429
	98762.9281400625	-0.024080926195610385
	98763.90474849459	0.03053119373542071
	98764.88135692668	0.07629340569660457
	98765.85796535877	0.06943520716579141
	98766.83457379084	0.051280092787458334
	98767.81118222293	0.014464212000972214
	98768.78779065501	-0.040494978984890795
	98769.76439908709	-0.022565492536576914
	98770.74100751917	0.024689021945277462
	98771.71761595126	-0.0031004132500522933
	98772.69422438335	0.02333941572438987
	98773.67083281542	0.046098014936292425
	98774.64744124749	0.04283445383466824
	98775.6240496796	-0.009085367291296812
	98776.60065811165	-0.015005676890409337
	98777.57726654375	0.04954120979767637
	98778.55387497583	0.19283528967272032
	98779.53048340793	0.4293545336080947
	98780.50709183999	0.215535045648824
	98781.48370027209	0.029970766366892432
	98782.46030870416	0.010105220007052836
	98783.43691713623	-0.013454590232258255
	98784.41352556832	-0.03173822883443477
	98785.39013400041	-0.041612607191810855
	98786.3667424325	-0.012027628325481267
	98787.34335086457	0.0801873201690148
	98788.31995929666	0.10707150237326048
	98789.29656772874	0.06518987319391258
	98790.27317616083	0.005055259472841253
	98791.2497845929	-0.02898621897914384
	98792.22639302499	-0.0019479263192898682
	98793.20300145708	-0.04177812993567356
	98794.17960988915	0.0048738279928371726
	98795.15621832124	0.055166096808296906
	98796.13282675332	0.03426291577302486
	98797.10943518541	0.007290310109917213
	98798.08604361748	0.03214560429357543
	98799.06265204957	0.0018098309484240343
	98800.03926048166	-0.013180604633940454
	98801.01586891373	0.006179039782372547
	98801.99247734582	0.07612146529568344
	98802.9690857779	0.0818798712925322
	98803.94569421	0.016812136361354993
	98804.92230264207	-0.011117317520422316
	98805.89891107415	-8.137884642500533e-05
	98806.87551950624	0.004211121139377867
	98807.85212793831	-0.00534982576551104
	98808.8287363704	0.028317963453734225
	98809.80534480249	0.07511691911378993
	98810.78195323457	0.09263831632510446
	98811.75856166665	0.05575496482426537
	98812.73517009873	0.02147043054270817
	98813.71177853082	0.04922079571834699
	98814.6883869629	0.05626293356022846
	98815.66499539498	0.024961489926468513
	98816.64160382707	0.01565116498989023
	98817.61821225916	0.028162311871131815
	98818.59482069123	0.009151202064729143
	98819.57142912332	0.004331803110299255
	98820.5480375554	-0.024115139223675395
	98821.52464598748	-0.0007582194596488614
	98822.50125441956	0.008441476493284627
	98823.47786285165	-0.022290933757787672
	98824.45447128374	0.0018528132404093864
	98825.43107971581	0.03062085478571669
	98826.4076881479	0.0317189069704636
	98827.38429657998	0.05079746399538122
	98828.36090501207	0.020307651113595136
	98829.33751344414	0.004219296679623392
	98830.31412187623	0.00607321238301175
	98831.29073030832	-0.0028256857501875376
	98832.26733874039	-0.01976983766052608
	98833.24394717248	-0.024037230403142987
	98834.22055560457	-0.011945267538216401
	98835.19716403665	-0.002158265065460599
	98836.17377246873	-0.0024781659364457986
	98837.15038090081	-0.0304346986034815
	98838.1269893329	-0.031094654624894604
	98839.10359776497	-0.028328639011767937
	98840.08020619706	0.025295248075670147
	98841.05681462915	0.021353031845489836
	98842.03342306124	-0.020936648259582788
	98843.01003149331	-0.018486266496936705
	98843.9866399254	0.02010111260937443
	98844.96324835748	0.004466280174102182
	98845.93985678956	-0.027995535094416175
	98846.91646522164	-0.022644599327329186
	98847.89307365373	0.005378451450888935
	98848.86968208582	0.08545025337463845
	98849.84629051789	0.4066107998175154
	98850.82289894998	0.4212128656888256
	98851.79950738206	0.1150205975498336
	98852.77611581414	0.0347447329034762
	98853.75272424622	-0.0114104704952124
	98854.72933267831	-0.018904763634723022
	98855.7059411104	4.2870374625248474e-05
	98856.68254954247	0.07253582478041455
	98857.65915797456	0.017501377974236513
	98858.63576640665	-0.0006234632929959507
	98859.61237483873	-0.03525823586566257
	98860.5889832708	0.004364292582717702
	98861.56559170289	0.04003969994537241
	98862.54220013498	0.06023258225403372
	98863.51880856705	0.030021188995762723
	98864.49541699914	0.06465427597919789
	98865.47202543123	0.13255189577517226
	98866.44863386331	0.06885376845164941
	98867.42524229539	0.07502193463622864
	98868.40185072747	0.07105511502217558
	98869.37845915956	0.0045196623048670516
	98870.35506759163	-0.018834345432270437
	98871.33167602372	0.0226945732305083
	98872.30828445581	0.008768078140324981
	98873.2848928879	-0.004015979762950505
	98874.26150131997	-0.023107610964551804
	98875.23810975206	-0.0113462933365404
	98876.21471818414	0.013308809366413316
	98877.19132661622	0.01230346244662338
	98878.1679350483	0.009305928459989853
	98879.14454348039	0.03511144639610696
	98880.12115191248	0.030480952990985792
	98881.09776034455	0.0036386953067618997
	98882.07436877664	0.03960131339313796
	98883.05097720872	0.034655818661821804
	98884.0275856408	0.03321084232773418
	98885.00419407288	0.03266656705955267
	98885.98080250497	0.07263940271356017
	98886.95741093706	0.2528098028727686
	98887.93401936913	0.46092952889897026
	98888.91062780122	0.22823737632890753
	98889.8872362333	0.036781060850419614
	98890.86384466538	0.007004540841827248
	98891.84045309747	0.0025097072207488167
	98892.81706152955	-0.0178735579416721
	98893.79366996164	-0.004426038624522863
	98894.77027839371	-0.0028435873944632115
	98895.7468868258	-0.040851963649419835
	98896.72349525789	-0.0014596562101308803
	98897.70010368997	0.024627209019435607
	98898.67671212205	0.012218198364590496
	98899.65332055413	-0.025145660933627786
	98900.62992898622	-0.007225010925878252
	98901.6065374183	-0.016405576939698376
	98902.58314585038	-0.05771934942454099
	98903.55975428247	0.012954390908799867
	98904.53636271456	0.022378599569966476
	98905.51297114663	0.021348337512086053
	98906.48957957872	0.0017622766611727655
	98907.4661880108	-0.01766532403029296
	98908.44279644288	0.050987263209495814
	98909.41940487496	0.06766800627423744
	98910.39601330705	0.04830229356572223
	98911.37262173914	0.01251098853316362
	98912.34923017121	0.006347939290374423
