	98705.3082425696	0.02459709300097817
	98706.28485100169	0.019133515330996057
	98707.26145943378	-0.005730503774466247
	98708.23806786585	-0.02362715906629639
	98709.21467629794	-0.005270799290093169
	98710.19128473003	0.018365711093225143
	98711.1678931621	0.02793192483990816
	98712.14450159419	0.04791587562408112
	98713.12111002627	0.06607018120997875
	98714.09771845836	0.0397804220739088
	98715.07432689043	0.03271636492583037
	98716.05093532252	0.03762082372607343
	98717.02754375461	0.02795943996308253
	98718.00415218668	-0.005545545639785322
	98718.98076061877	0.006875232434599325
	98719.95736905086	-0.010627003714463932
	98720.93397748294	0.03900398038280264
	98721.91058591501	0.1157141151134745
	98722.8871943471	0.16500831397878385
	98723.86380277919	0.11977608577504152
	98724.84041121126	0.14948195657351418
	98725.81701964335	0.2309180666943316
	98726.79362807544	0.16635198521118585
	98727.77023650752	0.07196393573566814
	98728.7468449396	0.009560912510824015
	98729.72345337168	0.01685970563043575
	98730.70006180377	0.02273258095929628
	98731.67667023584	0.04327936946680214
	98732.65327866793	0.06998770036849424
	98733.62988710002	0.08701369882829905
	98734.6064955321	0.2640175342200479
	98735.58310396418	0.3040766456674882
	98736.55971239627	0.10506634913517399
	98737.53632082835	0.07025780441110617
	98738.51292926044	0.023585213972544615
	98739.48953769251	0.011937820181166363
	98740.4661461246	0.017951035122944266
	98741.44275455669	0.039535194286514606
	98742.41936298876	0.09171005729066994
	98743.39597142085	0.08873761254123494
	98744.37257985293	0.040006305999513395
	98745.34918828502	-0.0073858002765578145
	98746.3257967171	-0.0052499968211051845
	98747.30240514918	0.0265402615320282
	98748.27901358127	0.046622647135848475
	98749.25562201334	0.03843854201887585
	98750.23223044543	0.02209927885856159
	98751.20883887752	0.041964263626968264
	98752.1854473096	0.024796018379653027
	98753.16205574168	-0.007443033956584701
	98754.13866417376	-0.010441985746350984
	98755.11527260585	-0.0009237164505303009
	98756.09188103792	-0.005126735238233668
	98757.06848947001	-0.001624143516097621
	98758.0450979021	-0.004598387390584999
	98759.02170633418	-0.020228374702809436
	98759.99831476626	0.00343518474871973
	98760.97492319834	0.026723484736174013
	98761.95153163043	-0.0003701503362911429
	98762.9281400625	-0.024080926195610385
	98763.90474849459	0.03053119373542071
	98764.88135692668	0.07629340569660457
	98765.85796535877	0.06943520716579141
	98766.83457379084	0.051280092787458334
	98767.81118222293	0.014464212000972214
	98768.78779065501	-0.040494978984890795
	98769.76439908709	-0.022565492536576914
	98770.74100751917	0.024689021945277462
	98771.71761595126	-0.0031004132500522933
	98772.69422438335	0.02333941572438987
	98773.67083281542	0.046098014936292425
	98774.64744124749	0.04283445383466824
	98775.6240496796	-0.009085367291296812
	98776.60065811165	-0.015005676890409337
	98777.57726654375	0.04954120979767637
	98778.55387497583	0.19283528967272032
	98779.53048340793	0.4293545336080947
	98780.50709183999	0.215535045648824
	98781.48370027209	0.029970766366892432
	98782.46030870416	0.010105220007052836
	98783.43691713623	-0.013454590232258255
	98784.41352556832	-0.03173822883443477
	98785.39013400041	-0.041612607191810855
	98786.3667424325	-0.012027628325481267
	98787.34335086457	0.0801873201690148
	98788.31995929666	0.10707150237326048
	98789.29656772874	0.06518987319391258
	98790.27317616083	0.005055259472841253
	98791.2497845929	-0.02898621897914384
	98792.22639302499	-0.0019479263192898682
	98793.20300145708	-0.04177812993567356
	98794.17960988915	0.0048738279928371726
	98795.15621832124	0.055166096808296906
	98796.13282675332	0.03426291577302486
	98797.10943518541	0.007290310109917213
	98798.08604361748	0.03214560429357543
	98799.06265204957	0.0018098309484240343
	98800.03926048166	-0.013180604633940454
	98801.01586891373	0.006179039782372547
	98801.99247734582	0.07612146529568344
	98802.9690857779	0.0818798712925322
	98803.94569421	0.016812136361354993
	98804.92230264207	-0.011117317520422316
	98805.89891107415	-8.137884642500533e-05
	98806.87551950624	0.004211121139377867
	98807.85212793831	-0.00534982576551104
	98808.8287363704	0.028317963453734225
	98809.80534480249	0.07511691911378993
	98810.78195323457	0.09263831632510446
	98811.75856166665	0.05575496482426537
	98812.73517009873	0.02147043054270817
	98813.71177853082	0.04922079571834699
	98814.6883869629	0.05626293356022846
	98815.66499539498	0.024961489926468513
	98816.64160382707	0.01565116498989023
	98817.61821225916	0.028162311871131815
	98818.59482069123	0.009151202064729143
	98819.57142912332	0.004331803110299255
	98820.5480375554	-0.024115139223675395
	98821.52464598748	-0.0007582194596488614
	98822.50125441956	0.008441476493284627
	98823.47786285165	-0.022290933757787672
	98824.45447128374	0.0018528132404093864
	98825.43107971581	0.03062085478571669
	98826.4076881479	0.0317189069704636
	98827.38429657998	0.05079746399538122
	98828.36090501207	0.020307651113595136
	98829.33751344414	0.004219296679623392
	98830.31412187623	0.00607321238301175
	98831.29073030832	-0.0028256857501875376
	98832.26733874039	-0.01976983766052608
	98833.24394717248	-0.024037230403142987
	98834.22055560457	-0.011945267538216401
	98835.19716403665	-0.002158265065460599
	98836.17377246873	-0.0024781659364457986
	98837.15038090081	-0.0304346986034815
	98838.1269893329	-0.031094654624894604
	98839.10359776497	-0.028328639011767937
	98840.08020619706	0.025295248075670147
	98841.05681462915	0.021353031845489836
	98842.03342306124	-0.020936648259582788
	98843.01003149331	-0.018486266496936705
	98843.9866399254	0.02010111260937443
	98844.96324835748	0.004466280174102182
	98845.93985678956	-0.027995535094416175
	98846.91646522164	-0.022644599327329186
	98847.89307365373	0.005378451450888935
	98848.86968208582	0.08545025337463845
	98849.84629051789	0.4066107998175154
	98850.82289894998	0.4212128656888256
	98851.79950738206	0.1150205975498336
	98852.77611581414	0.0347447329034762
	98853.75272424622	-0.0114104704952124
	98854.72933267831	-0.018904763634723022
	98855.7059411104	4.2870374625248474e-05
	98856.68254954247	0.07253582478041455
	98857.65915797456	0.017501377974236513
	98858.63576640665	-0.0006234632929959507
	98859.61237483873	-0.03525823586566257
	98860.5889832708	0.004364292582717702
	98861.56559170289	0.04003969994537241
	98862.54220013498	0.06023258225403372
	98863.51880856705	0.030021188995762723
	98864.49541699914	0.06465427597919789
	98865.47202543123	0.13255189577517226
	98866.44863386331	0.06885376845164941
	98867.42524229539	0.07502193463622864
	98868.40185072747	0.07105511502217558
	98869.37845915956	0.0045196623048670516
	98870.35506759163	-0.018834345432270437
	98871.33167602372	0.0226945732305083
	98872.30828445581	0.008768078140324981
	98873.2848928879	-0.004015979762950505
	98874.26150131997	-0.023107610964551804
	98875.23810975206	-0.0113462933365404
	98876.21471818414	0.013308809366413316
	98877.19132661622	0.01230346244662338
	98878.1679350483	0.009305928459989853
	98879.14454348039	0.03511144639610696
	98880.12115191248	0.030480952990985792
	98881.09776034455	0.0036386953067618997
	98882.07436877664	0.03960131339313796
	98883.05097720872	0.034655818661821804
	98884.0275856408	0.03321084232773418
	98885.00419407288	0.03266656705955267
	98885.98080250497	0.07263940271356017
	98886.95741093706	0.2528098028727686
	98887.93401936913	0.46092952889897026
	98888.91062780122	0.22823737632890753
	98889.8872362333	0.036781060850419614
	98890.86384466538	0.007004540841827248
	98891.84045309747	0.0025097072207488167
	98892.81706152955	-0.0178735579416721
	98893.79366996164	-0.004426038624522863
	98894.77027839371	-0.0028435873944632115
	98895.7468868258	-0.040851963649419835
	98896.72349525789	-0.0014596562101308803
	98897.70010368997	0.024627209019435607
	98898.67671212205	0.012218198364590496
	98899.65332055413	-0.025145660933627786
	98900.62992898622	-0.007225010925878252
	98901.6065374183	-0.016405576939698376
	98902.58314585038	-0.05771934942454099
	98903.55975428247	0.012954390908799867
	98904.53636271456	0.022378599569966476
	98905.51297114663	0.021348337512086053
	98906.48957957872	0.0017622766611727655
	98907.4661880108	-0.01766532403029296
	98908.44279644288	0.050987263209495814
	98909.41940487496	0.06766800627423744
	98910.39601330705	0.04830229356572223
	98911.37262173914	0.01251098853316362
	98912.34923017121	0.006347939290374423
