	98081.2554544685	-0.040651551619936235
	98082.23206290058	-0.01571268596045383
	98083.20867133267	0.032371368378693186
	98084.18527976474	0.04820353799453217
	98085.16188819683	0.028591357101241176
	98086.13849662892	0.026394599150592293
	98087.115105061	-0.025489971820079373
	98088.09171349308	-0.01084464748255356
	98089.06832192517	0.013341668956230084
	98090.04493035725	0.033145653182578595
	98091.02153878933	0.04762292684771777
	98091.99814722141	0.00643730791832754
	98092.9747556535	-0.0013527861052498819
	98093.95136408559	-0.01067428559281902
	98094.92797251766	-0.0016649753547763096
	98095.90458094975	0.023438632946973313
	98096.88118938183	0.00821770267557734
	98097.85779781391	-0.01697518801811529
	98098.834406246	-0.02428851574851051
	98099.81101467808	-0.0224636496376454
	98100.78762311017	-0.03163741190262558
	98101.76423154224	-0.01769709981687335
	98102.74083997433	-0.009938960172444142
	98103.71744840642	0.028306263111584285
	98104.6940568385	0.10490859821214532
	98105.67066527058	0.05990518119773274
	98106.64727370266	0.008813036362794015
	98107.62388213475	-0.026813799135826266
	98108.60049056682	-0.006589990436714313
	98109.57709899891	-0.05417488677422973
	98110.553707431	-0.021322071649433852
	98111.53031586308	-0.016909642207871476
	98112.50692429516	0.0144017725647724
	98113.48353272724	0.008379405620889104
	98114.46014115933	-0.029512896906522666
	98115.4367495914	-0.03039028411090747
	98116.41335802349	-0.009357287294193932
	98117.38996645558	0.0052732399062003004
	98118.36657488767	0.009060949314895664
	98119.34318331974	-0.0014629361913220526
	98120.31979175183	0.0009222447376721969
	98121.29640018391	0.052711807797724455
	98122.27300861599	0.0681300993937135
	98123.24961704807	0.032821664090971654
	98124.22622548016	-0.02974051093845383
	98125.20283391225	-0.05689156797454629
	98126.17944234432	-0.02570473519034196
	98127.15605077641	-0.01416968455269556
	98128.1326592085	0.012229535458071634
	98129.10926764057	0.02227948267712566
	98130.08587607266	0.02009049890687418
	98131.06248450474	-0.01020447499644523
	98132.03909293683	0.005945899680438043
	98133.0157013689	0.01764788761514022
	98133.99230980099	-0.0001922837819875174
	98134.96891823308	-0.03937226790613174
	98135.94552666516	-0.012553319510983518
	98136.92213509724	0.005148946575017372
	98137.89874352932	0.00432058896783078
	98138.87535196141	-0.03696454591020192
	98139.85196039348	-0.016487093348272936
	98140.82856882557	-0.025272753174462228
	98141.80517725766	-0.00510403364571143
	98142.78178568975	-0.022161767935256333
	98143.75839412182	-0.03541589749985773
	98144.7350025539	-0.028564047167781645
	98145.71161098599	-0.030143644748662757
	98146.68821941807	0.053327655140213454
	98147.66482785015	0.07288004098993175
	98148.64143628224	0.04380652522836051
	98149.61804471433	0.040826598332205505
	98150.5946531464	0.0949266981710834
	98151.57126157849	0.08544282943327286
	98152.54787001057	0.09461238041345081
	98153.52447844265	0.06953240913374961
	98154.50108687473	0.05499586233874972
	98155.47769530682	0.0024086892534350107
	98156.45430373891	-0.03740512891388628
	98157.43091217098	-0.027105546176875484
	98158.40752060307	-0.01778912991255244
	98159.38412903516	0.03460298784009717
	98160.36073746723	0.08414161588594687
	98161.33734589932	0.061303416051806586
	98162.3139543314	0.07426591266535544
	98163.29056276349	0.30329634462225136
	98164.26717119556	0.6832418029634594
	98165.24377962765	0.7586975044492776
	98166.22038805974	0.3671594736561109
	98167.19699649181	0.12210344882418941
	98168.1736049239	0.0766576069713988
	98169.15021335598	0.12336871879210634
	98170.12682178807	0.09946538712494266
	98171.10343022014	0.016930660754470476
	98172.08003865223	0.003004864507524028
	98173.05664708432	0.01526295981656877
	98174.0332555164	-0.015771990815821257
	98175.00986394848	-0.029427161236723287
	98175.98647238057	-0.022718953101093918
	98176.96308081265	0.079225523532158
	98177.93968924473	0.2830896803589154
	98178.91629767681	0.2040324102469197
	98179.8929061089	0.055772951373437595
	98180.86951454099	-0.009831079548066347
	98181.84612297306	-0.017593330729551045
	98182.82273140515	-0.02738099959391723
	98183.79933983723	-0.027477978001865928
	98184.7759482693	-0.0003164511989498439
	98185.7525567014	-0.018500548622743924
	98186.72916513348	-0.008453723640447186
	98187.70577356557	0.028094188790450874
	98188.68238199764	0.018727760988368924
	98189.65899042973	-0.03193497447215357
	98190.63559886182	-0.04119975129205523
	98191.61220729389	-0.0037537508947423
	98192.58881572598	0.02506960773199385
	98193.56542415806	0.09128846461927231
	98194.54203259015	0.07263352296475253
	98195.51864102222	-0.0010155413413211187
	98196.49524945431	-0.03602294258757191
	98197.4718578864	-0.04817058519282458
	98198.44846631847	-0.031825963517580436
	98199.42507475056	0.000777827763790061
	98200.40168318264	-5.0055766088289154e-05
	98201.37829161473	0.005535942428122448
	98202.3549000468	0.0010239919233532705
	98203.33150847889	-0.03192231130821184
	98204.30811691098	-0.02537010316436055
	98205.28472534305	-0.012518264617400942
	98206.26133377514	-0.01121200461758856
	98207.23794220723	-0.024298887974086747
	98208.21455063931	-0.034777342194019525
	98209.19115907139	-0.04057396586146152
	98210.16776750347	-0.0006721817939284074
	98211.14437593556	0.05644152845642754
	98212.12098436765	-0.0025948635449602278
	98213.09759279972	0.016095248781007498
	98214.07420123181	0.1511413258566182
	98215.0508096639	0.19536329563572435
	98216.02741809597	0.14068929397648147
	98217.00402652805	0.16795977298014542
	98217.98063496014	0.1983801633467374
	98218.95724339223	0.03439898001067639
	98219.9338518243	-0.03611572383885599
	98220.91046025639	0.0055567987188438394
	98221.88706868848	0.05164086124718331
	98222.86367712055	0.025183492461552565
	98223.84028555264	0.0488391760915098
	98224.81689398472	0.2580180169893113
	98225.79350241681	0.22171753972398067
	98226.77011084888	0.11085264394308517
	98227.74671928097	0.036755664605719544
	98228.72332771306	0.037007610873049816
	98229.69993614513	0.01903711908132677
	98230.67654457722	-0.03129406842370448
	98231.6531530093	-0.011677383235871114
	98232.62976144139	0.009217890020840173
	98233.60636987347	-0.015103423689354908
	98234.58297830555	0.0013702450179973727
	98235.55958673764	0.018347484159414
	98236.53619516971	-0.0014169587812185897
	98237.5128036018	-0.0002768848454414434
	98238.48941203389	0.007377229464698745
	98239.46602046597	0.0036972578927722604
	98240.44262889805	0.03340725927102913
	98241.41923733013	-0.024332850873425283
	98242.39584576222	-0.020938760516077456
	98243.3724541943	0.0068254852970482255
	98244.34906262638	0.03591940184747081
	98245.32567105847	0.023592979347032313
	98246.30227949056	-0.027519780204292455
	98247.27888792263	-0.018876680751270095
	98248.25549635472	-0.02415209041048169
	98249.2321047868	-0.010976304325001369
	98250.20871321889	0.01022802772497541
	98251.18532165096	0.12265675903471032
	98252.16193008305	0.16734261032165335
	98253.13853851514	0.09037485027570627
	98254.11514694721	0.04714107556913594
	98255.0917553793	0.05857380938717411
	98256.06836381138	0.08928757866567542
	98257.04497224347	0.16611819772297504
	98258.02158067554	0.1898138737299155
	98258.99818910763	0.02196460552514367
	98259.97479753972	0.03646257805068891
	98260.95140597179	0.10657982782922648
	98261.92801440388	0.07452614841017542
	98262.90462283597	-0.019183856686461602
	98263.88123126805	-0.04846349330283554
	98264.85783970013	0.053623095161199286
	98265.83444813221	0.27916390248471046
	98266.8110565643	0.49418835396230193
	98267.78766499637	0.22754879801355074
	98268.76427342846	0.05531669615249583
	98269.74088186055	0.02718885269262705
	98270.71749029263	0.051459312935355446
	98271.6940987247	0.01800795366294227
	98272.6707071568	-0.03887808466328613
	98273.64731558888	-0.03785783859977013
	98274.62392402095	0.01056224356992394
	98275.60053245304	-0.002919690009614629
	98276.57714088513	-0.020662949016544595
	98277.55374931722	-0.01273949366431324
	98278.53035774929	-0.03191423476698416
	98279.50696618136	-0.012895997317819246
	98280.48357461346	-0.024371444963880693
	98281.46018304552	-0.0036756936097602183
	98282.43679147762	-0.020598450021200882
	98283.4133999097	-0.0014917608038663075
	98284.3900083418	0.0338149323773111
	98285.36661677386	-0.008351608751447954
	98286.34322520594	0.007207176540417306
	98287.31983363803	0.019251518562323315
	98288.2964420701	0.005165070573126138
