	115154.357093	0.013233286834244887
	115154.47917320461	-0.0572015592556915
	115154.60125340923	-0.23689073456488557
	115154.72333361386	0.017422986463814457
	115154.84541381848	0.12738670155119644
	115154.96749402309	0.2168303893761564
	115155.08957422772	0.19157822004925468
	115155.21165443234	0.19604828497584165
	115155.33373463695	0.1759192162255732
	115155.45581484158	0.11435827979845131
	115155.5778950462	0.20398036341906503
	115155.69997525081	0.057812564363691296
	115155.82205545544	0.1100362561648719
	115155.94413566006	0.08875990652861712
	115156.06621586467	0.14865334656379736
	115156.1882960693	0.3506425549536128
	115156.31037627392	0.21962537254700382
	115156.43245647853	0.09810845102745602
	115156.55453668316	-0.027447035380314858
	115156.67661688778	-0.03070292414690902
	115156.7986970924	0.09653951309377473
	115156.92077729703	-0.08673259485648485
	115157.04285750164	-0.13183241183804856
	115157.16493770626	-0.0467473886871231
	115157.28701791089	-0.1875928310109688
	115157.4090981155	-0.037606810272954476
	115157.53117832012	-0.023194716581812786
	115157.65325852475	-0.15450264664837757
	115157.77533872936	-0.16299120235937176
	115157.89741893398	-0.03355354387473553
	115158.01949913861	-0.05845278206657013
	115158.14157934322	-0.09269234118517582
	115158.26365954784	-0.04613299290101932
	115158.38573975247	-0.058497015750185496
	115158.50781995709	0.25906413544876844
	115158.6299001617	0.08507091401800058
	115158.75198036633	-0.0423391558741473
	115158.87406057095	0.15968361411826584
	115158.99614077556	0.012422738687311849
	115159.11822098019	-0.1355236677755179
	115159.24030118481	-0.23874421738012963
	115159.36238138942	-0.07807903518006992
	115159.48446159405	-0.038454605765394285
	115159.60654179867	0.10247627997066014
	115159.72862200328	0.16386827619772174
	115159.85070220791	-0.07913401478985797
	115159.97278241253	-0.12679420223617538
	115160.09486261714	-0.1565490774630473
	115160.21694282177	-0.11826995759208381
	115160.33902302639	-0.010638690344644468
	115160.461103231	-0.2032380319272765
	115160.58318343564	-0.09779239260142529
	115160.70526364025	0.28564876471395606
	115160.82734384487	-0.0342631821724263
	115160.9494240495	-0.11692007940798317
	115161.07150425411	-0.0641683897280468
	115161.19358445873	0.07682570362134665
	115161.31566466336	0.10688006000889089
	115161.43774486797	0.042073685211157966
	115161.55982507259	-0.09937867714283734
	115161.68190527722	-0.11020952821142967
	115161.80398548183	-0.1967567049719315
	115161.92606568646	-0.09430570712521692
	115162.04814589108	-0.0324636546347968
	115162.1702260957	-0.1947603329403182
	115162.29230630033	-0.34555315077382065
	115162.41438650494	-0.31261540618106143
	115162.53646670956	0.018294401752178117
	115162.65854691419	-0.10411494796327248
	115162.7806271188	-0.11048710960738486
	115162.90270732342	-0.0004738503090968318
	115163.02478752805	-0.11393083849436056
	115163.14686773266	-0.1620749780802644
	115163.26894793728	-0.09004745122894955
	115163.39102814191	-0.06837421462214124
	115163.51310834652	-0.17351221715830742
	115163.63518855114	-0.22135015048625295
	115163.75726875577	-0.07841436933125585
	115163.87934896038	-0.04337392456750445
	115164.001429165	-0.12375777134292268
	115164.12350936963	-0.21959656973461192
	115164.24558957425	-0.06923948032430902
	115164.36766977886	-0.12075637923870726
	115164.48974998349	-0.15420302047010323
	115164.6118301881	-0.17261909834743744
	115164.73391039272	-0.02255482275614781
	115164.85599059735	-0.17581703646705185
	115164.97807080197	0.0994886998654847
	115165.10015100658	0.11748487050099166
	115165.22223121121	0.08763721940731124
	115165.34431141583	-0.13151777403445408
	115165.46639162044	-0.014919871308696774
	115165.58847182507	0.18667399183796318
	115165.71055202969	0.05373606677300033
	115165.8326322343	-0.076133828959233
	115165.95471243894	-0.11116267501087022
	115166.07679264355	-0.1888080966583123
	115166.19887284817	0.02667157729703746
	115166.3209530528	0.00887002083656497
	115166.44303325741	-0.08189093324179181
	115166.56511346203	0.004553220096108182
	115166.68719366666	-0.012131791791644336
	115166.80927387127	0.1927859348791245
	115166.93135407589	0.005032055042837803
	115167.05343428052	0.07723666286042744
	115167.17551448513	-0.1372752338130689
	115167.29759468975	-0.16747840498087418
	115167.41967489438	-0.059657268254090914
	115167.541755099	-0.025383185711685137
	115167.66383530361	-0.03507928991903151
	115167.78591550824	-0.038232204129908055
	115167.90799571286	-0.24111747364918287
	115168.03007591747	-0.0812746453443409
	115168.1521561221	0.13664015955657574
	115168.27423632672	0.006982964847904896
	115168.39631653133	0.060844932234315606
	115168.51839673596	-0.08822930231659662
	115168.64047694058	-0.20064254926041833
	115168.7625571452	-0.08511690285760293
	115168.88463734982	-0.17201700263219996
	115169.00671755444	-0.025726127399911213
	115169.12879775905	-0.08709464046603406
	115169.25087796368	0.08177437800116938
	115169.3729581683	0.11734368322542557
	115169.49503837292	0.15959021726018807
	115169.61711857755	0.26198545277054314
	115169.73919878216	0.15761113621539852
	115169.86127898678	0.044408353279758436
	115169.9833591914	0.27010231773276655
	115170.10543939602	0.3604146695493231
	115170.22751960064	0.27836987006915864
	115170.34959980527	0.245334517659887
	115170.47168000988	0.16737646899226372
	115170.5937602145	0.2233390670441002
	115170.71584041913	0.20770525070799656
	115170.83792062374	0.25592793063552205
	115170.96000082836	0.19842155216599378
	115171.08208103299	-0.0012833257674235113
	115171.2041612376	-0.051761239816813714
	115171.32624144222	0.0070080910217717295
	115171.44832164685	0.04657040344852382
	115171.57040185147	0.041248825895267995
	115171.69248205608	0.026453422232937517
	115171.81456226071	0.1687557311987853
	115171.93664246533	0.04472020497793514
	115172.05872266994	0.20245432134512897
	115172.18080287457	-0.033755479081365856
	115172.30288307919	0.0623462276700459
	115172.4249632838	0.020058952537644986
	115172.54704348843	0.04428260469481431
	115172.66912369305	0.11451592495875439
	115172.79120389766	-0.033623173109614
	115172.9132841023	-0.12375358655254136
	115173.03536430691	0.028067720266215544
	115173.15744451153	-0.28915936609967663
	115173.27952471616	-0.14454557989316355
	115173.40160492077	-0.10739452469121924
	115173.52368512539	0.02520759164496313
	115173.64576533002	-0.0856793537570992
	115173.76784553463	0.12049796914860687
	115173.88992573925	0.11562651837499413
	115174.01200594388	0.1286507655820523
	115174.1340861485	0.11273101734032111
	115174.25616635311	0.06975241582117683
	115174.37824655774	0.1546452355594194
	115174.50032676235	-0.14860442799672555
	115174.62240696697	-0.2432195414879062
	115174.7444871716	0.12448886505010642
	115174.86656737622	-0.03300044600140618
	115174.98864758083	-0.2888878525827885
	115175.11072778546	0.15003614068604326
	115175.23280799008	0.19646205240164574
	115175.35488819469	0.03333390971614991
	115175.47696839932	0.12303410327331513
	115175.59904860394	0.12250966031796415
	115175.72112880855	0.22990596432436314
	115175.84320901318	0.2340163285211468
	115175.9652892178	0.13615457868530798
	115176.08736942241	0.09599928694061491
	115176.20944962704	0.24962061412827824
	115176.33152983166	0.10778957950282878
	115176.45361003627	0.11307020347379144
	115176.5756902409	0.329938200128531
	115176.69777044552	0.19133480061402117
	115176.81985065014	0.19614074849374527
	115176.94193085477	0.054409019948162586
	115177.06401105938	-0.05984613441679765
	115177.186091264	0.07212686094708402
	115177.30817146863	0.025615443348401077
	115177.43025167324	-0.1742025571062518
	115177.55233187786	0.1357878116598872
	115177.67441208249	0.09554781090076499
	115177.7964922871	-0.04976684037000017
	115177.91857249172	0.14464075553491987
	115178.04065269635	-0.01891922623762361
	115178.16273290096	0.06515775858083957
	115178.28481310558	-0.01422972264784588
	115178.40689331021	-0.0062757254408714585
	115178.52897351484	-0.05431657017380128
	115178.65105371946	0.18923826430801433
	115178.77313392409	0.19684081853570334
	115178.8952141287	-0.14157698413332848
	115179.01729433332	-0.12413834475023494
	115179.13937453795	-0.0600766363827708
	115179.26145474256	-0.04898301200442274
	115179.38353494718	0.16664242647456032
	115179.50561515181	0.12292694817135465
	115179.62769535642	-0.044164532130001224
	115179.74977556104	-0.10406297270102942
	115179.87185576567	-0.010116988477413446
	115179.99393597028	0.1689634996163446
	115180.1160161749	0.1928951085722925
	115180.23809637953	0.030810701998723128
	115180.36017658414	-0.0838488193615267
	115180.48225678876	-0.02448018918492395
	115180.60433699339	-0.061588325345840064
	115180.726417198	-0.18534638047034924
	115180.84849740262	-0.04652254849929028
	115180.97057760725	-0.1580349383830102
	115181.09265781187	-0.21564894787079486
	115181.21473801648	-0.03237303082990021
	115181.33681822111	0.06010073982285578
	115181.45889842573	0.04797847279117925
	115181.58097863034	0.01087737253920656
	115181.70305883497	-0.057728020124627036
	115181.82513903959	-0.07118360489173332
	115181.9472192442	-0.1248417426988564
	115182.06929944883	-0.24592536704022985
	115182.19137965345	-0.3838342317674028
	115182.31345985808	-0.13773923806220767
	115182.4355400627	0.014205292750648099
	115182.55762026731	0.00124110620879408
	115182.67970047194	-0.11487666740511382
	115182.80178067656	-0.04334479730161189
	115182.92386088117	-0.07702194215823249
	115183.0459410858	-0.2540257718044667
	115183.16802129042	-0.12138316152041354
	115183.29010149503	-0.08351396319061181
	115183.41218169966	-0.027525763492738192
	115183.53426190428	-0.21108904355321534
	115183.6563421089	-0.15794774706699638
	115183.77842231352	-0.16922294118778347
	115183.90050251814	0.020541875357922495
	115184.02258272276	-0.12074560472052266
	115184.14466292739	-0.04949515503456545
	115184.266743132	-0.16191631231822218
	115184.38882333662	-0.17324205189178285
	115184.51090354125	0.04477105062431061
	115184.63298374586	-0.24318008180580408
	115184.75506395048	-0.2074367380324179
	115184.8771441551	-0.008056547265425838
	115184.99922435972	-0.1495353293275115
	115185.12130456434	-0.15549429656115554
	115185.24338476897	-0.2790899308851085
	115185.36546497358	-0.16432156769182618
	115185.4875451782	-0.037425366265397844
	115185.60962538283	0.0019342047702768568
	115185.73170558744	-0.17253424121928407
	115185.85378579206	-0.06560826546535631
	115185.97586599669	-0.1709825927552594
	115186.0979462013	-0.17552459611873797
	115186.22002640592	-0.033297185636571906
	115186.34210661055	0.03856730925386989
	115186.46418681517	-0.051406046712836724
	115186.58626701978	-0.20574586885014262
	115186.70834722441	-0.11982570370319663
	115186.83042742903	-0.039133353560512625
	115186.95250763364	-0.08354799106070145
	115187.07458783827	0.019916713365605045
	115187.19666804289	-0.07233012702904115
	115187.3187482475	0.0005531136343187818
	115187.44082845213	0.17829460311163026
	115187.56290865675	-0.015742747543163484
	115187.68498886137	-0.04154154681865348
	115187.807069066	-0.09682245760396768
	115187.92914927061	-0.23239027026671139
	115188.05122947523	-0.05657124561695744
	115188.17330967986	-0.03313945753860729
	115188.29538988447	0.06434502776468742
	115188.41747008909	0.007053637779871581
	115188.53955029372	-0.2662018235099179
	115188.66163049833	-0.16260684385959892
	115188.78371070295	-0.0553515317573947
	115188.90579090758	0.057791552590168084
	115189.0278711122	-0.10849594651221972
	115189.14995131681	0.016339649546343565
	115189.27203152144	-0.14671177520652434
	115189.39411172605	-0.1347454372377731
	115189.51619193067	-0.1265870761701892
	115189.6382721353	0.07480172149809845
	115189.76035233992	0.10655204058109884
	115189.88243254453	0.13196217243039796
	115190.00451274916	0.20951145405407315
	115190.12659295378	0.34125755928669416
	115190.24867315839	0.9152293256578359
	115190.37075336302	1.759866390578787
	115190.49283356764	2.6920976543324735
	115190.61491377225	3.273913602195954
	115190.73699397688	3.547765166122428
	115190.8590741815	3.738296799069027
	115190.98115438611	3.8307546864240005
	115191.10323459074	3.7695889403814817
	115191.22531479536	3.2816280468174996
	115191.34739499998	3.3100556861705677
	115191.4694752046	2.4268532232422784
	115191.59155540922	2.0600224622961654
	115191.71363561384	1.4816019682329766
	115191.83571581847	1.3223173559075423
	115191.95779602308	1.2622877353385822
	115192.0798762277	0.9663134743188371
	115192.20195643233	0.7362454396209949
	115192.32403663694	0.7415735276306986
	115192.44611684156	0.5664599106362345
	115192.56819704619	0.315550477652195
	115192.6902772508	0.4133623844946003
	115192.81235745542	0.3042650190758356
	115192.93443766005	0.3141384073574126
	115193.05651786466	-0.09761390983932185
	115193.17859806928	-0.6062485343630549
	115193.30067827391	-1.0688347592130372
	115193.42275847853	-1.4017466313320632
	115193.54483868314	-1.8031546813151609
	115193.66691888777	-1.665441498485447
	115193.78899909239	-1.7014464422242503
	115193.911079297	-1.6413795893459575
	115194.03315950163	-1.3655565807891124
	115194.15523970625	-1.1104354194680923
	115194.27731991086	-1.0189668587473024
	115194.3994001155	-1.0102086245697552
	115194.52148032011	-1.116966291068196
	115194.64356052472	-1.0298084314874258
	115194.76564072935	-1.1209601704704653
	115194.88772093397	-1.3070054871920886
	115195.00980113859	-1.2017405190059365
	115195.13188134322	-1.102961232498336
	115195.25396154783	-1.425011595162362
	115195.37604175245	-1.3604194451628173
	115195.49812195708	-1.168614798945234
	115195.62020216169	-0.8328705268476507
	115195.74228236631	-0.6908216330849956
	115195.86436257094	-0.5923664469201484
	115195.98644277555	-0.7028110863651222
	115196.10852298017	-0.6495182204759965
	115196.2306031848	-0.5803680506463827
	115196.35268338941	-0.5050687201143215
	115196.47476359403	0.05421264473033681
	115196.59684379866	0.5499746755865552
	115196.71892400327	0.7369067273398053
	115196.84100420789	0.6471980350352842
	115196.96308441252	0.2827396601366956
	115197.08516461714	-0.19620757556819335
	115197.20724482175	-0.5998543833082779
	115197.32932502638	-0.6240687165205704
	115197.451405231	-0.51536236713617
	115197.57348543561	-0.6480463478027988
	115197.69556564024	-0.35773326117132537
	115197.81764584486	-0.34189097063581325
	115197.93972604947	-0.6892229552889577
	115198.0618062541	-0.7378987068411261
	115198.18388645872	-0.7694816355827186
	115198.30596666333	-0.770972122870158
	115198.42804686796	-0.764807285224588
	115198.55012707258	-0.5459114828806078
	115198.6722072772	-0.627812425129657
	115198.79428748183	-0.8261961100115713
	115198.91636768644	-1.056081911225212
	115199.03844789106	-1.351609614482699
	115199.16052809569	-1.356240112603229
	115199.2826083003	-1.0830517066699894
	115199.40468850492	-0.7461926393877993
	115199.52676870955	-0.17806187082232197
	115199.64884891416	-0.15582328791829822
	115199.77092911878	-0.28113514363653075
	115199.89300932341	-0.3548013726460818
	115200.01508952802	-0.5158157751401306
	115200.13716973264	-0.6677981992973863
	115200.25924993727	-0.4645033051349038
	115200.38133014188	-0.3062868503321685
	115200.5034103465	-0.26972470243584373
	115200.62549055113	-0.2591483022970125
	115200.74757075575	-0.38646681741502514
	115200.86965096036	-0.39766999980022477
	115200.99173116499	-0.12524104413262802
	115201.1138113696	-0.17455334498022015
	115201.23589157422	-0.345161010334732
	115201.35797177885	-0.44450516036345367
	115201.48005198347	-0.5561477545949896
	115201.60213218808	-0.48626236475526413
	115201.72421239271	-0.3507122937223984
	115201.84629259733	-0.5144780598756395
	115201.96837280194	-0.6120421718474655
	115202.09045300657	-0.49578345237821314
	115202.21253321119	-0.28163504069491363
	115202.3346134158	-0.26037602634451484
	115202.45669362044	-0.28720173821777667
	115202.57877382505	-0.3026682499853105
	115202.70085402967	-0.15425699608823862
	115202.8229342343	-0.44898501529171553
	115202.94501443891	-0.8314872650769787
	115203.06709464353	-0.8862718838216396
	115203.18917484816	-0.80162730668686
	115203.31125505277	-0.6978169220098358
	115203.43333525739	-0.5012782148172331
	115203.55541546202	-0.07241121205852023
	115203.67749566663	-0.14948517959018073
	115203.79957587125	-0.35149640476419985
	115203.92165607588	-0.1885949268458704
	115204.0437362805	-0.12760937146748674
	115204.16581648511	-0.3433734561821697
	115204.28789668974	-0.2981393022654292
	115204.40997689436	-0.3872113508633613
	115204.53205709897	-0.5934301609785456
	115204.6541373036	-0.3132188159781864
	115204.77621750822	-0.12785217871349022
	115204.89829771283	0.11560067000877751
	115205.02037791746	0.14081720820016988
	115205.14245812208	0.14195470913570482
	115205.2645383267	0.43476435215139553
	115205.38661853132	0.24297879753055526
	115205.50869873594	-0.06432522174857501
	115205.63077894055	-0.1947861265117268
	115205.75285914518	-0.2393013391004194
	115205.8749393498	-0.3237746804341295
	115205.99701955443	-0.42163217210555354
	115206.11909975905	-0.2406320515705286
	115206.24117996366	-0.3243913434975203
	115206.36326016829	-0.007643378586518368
	115206.4853403729	0.0868528362165214
	115206.60742057752	0.31040967435112954
	115206.72950078215	0.33097430721807575
	115206.85158098677	0.3221552233567512
	115206.97366119138	0.44254802725595543
	115207.09574139601	0.5376238154670442
	115207.21782160063	0.742391735770655
	115207.33990180524	0.5991542936605967
	115207.46198200987	0.2207470482095728
	115207.58406221449	0.1304823304677696
	115207.7061424191	0.40193662802708074
	115207.82822262374	0.43353327475064807
	115207.95030282835	0.5258368453430429
	115208.07238303297	0.7114146786494463
	115208.1944632376	0.7786029792515448
	115208.31654344221	0.7027510647770716
	115208.43862364683	0.7227672576615508
	115208.56070385146	0.6768135403280213
	115208.68278405607	0.6023827194258337
	115208.80486426069	0.3435557849989696
	115208.92694446532	-0.025151578163624944
	115209.04902466993	-0.2542853910048888
	115209.17110487455	-0.29107351627582295
	115209.29318507918	-0.5871998093055382
	115209.4152652838	-0.5323481212436222
	115209.53734548841	-0.4492372060890451
	115209.65942569304	-0.7777966342424995
	115209.78150589766	-0.39946472176073594
	115209.90358610227	-0.2826853432698031
	115210.0256663069	-0.3822953420890615
	115210.14774651152	-0.2530244729133708
	115210.26982671613	-0.3490669893436226
	115210.39190692076	-0.26459944878222424
	115210.51398712538	-0.3940092491673885
	115210.63606733	-0.5071998175481786
	115210.75814753462	-0.18639146748837326
	115210.88022773924	-0.15243456513080222
	115211.00230794385	-0.32742727272909267
	115211.12438814848	-0.1804508449926395
	115211.2464683531	-0.15328773692712505
	115211.36854855772	-0.31094415430122474
	115211.49062876235	-0.37458852473355053
	115211.61270896696	-0.4240753215372723
	115211.73478917158	-0.3752361728723787
	115211.8568693762	-0.49000112536126217
	115211.97894958082	-0.20270716729918004
	115212.10102978544	-0.3873663109668722
	115212.22310999007	-0.6208349929573483
	115212.34519019468	-0.3976174401992071
	115212.4672703993	-0.4375852850803335
	115212.58935060393	-0.42668630190203116
	115212.71143080854	-0.4467083667211894
	115212.83351101316	-0.5760569222227189
	115212.95559121779	-0.5270240081286485
	115213.0776714224	-0.4834541146508472
	115213.19975162702	-0.2079399108165255
	115213.32183183165	-0.13106071850774473
	115213.44391203627	-0.2097069442422926
	115213.56599224088	0.06668426606148872
	115213.68807244551	0.3272553758385603
	115213.81015265013	0.6495019726782169
	115213.93223285474	0.7909734703729107
	115214.05431305937	0.8549826149564068
	115214.17639326399	0.977115600039004
	115214.2984734686	0.9338098501052872
	115214.42055367323	0.6682466085359084
	115214.54263387785	0.4755217236314133
	115214.66471408246	0.15741943569267822
	115214.7867942871	-0.016471922622996512
	115214.90887449171	-0.013816102431965165
	115215.03095469633	-0.17500866924690117
	115215.15303490096	-0.17917102429529116
	115215.27511510557	0.036403143430511965
	115215.39719531019	0.17228608462900274
	115215.51927551482	0.07062434554715054
	115215.64135571943	-0.02479767085066716
	115215.76343592405	0.24581914530407176
	115215.88551612868	0.1726778726304804
	115216.0075963333	-0.018882815496118824
	115216.12967653791	0.0827894462673797
	115216.25175674254	0.08503463912511346
	115216.37383694715	0.06018075639657001
	115216.49591715177	-0.004289890595102932
	115216.6179973564	-0.14600867835205583
	115216.74007756101	0.021961017028627898
	115216.86215776563	0.14988435358340957
	115216.98423797026	0.289054517261885
	115217.10631817488	0.17494242357859774
	115217.22839837949	-0.14259654044412004
	115217.35047858412	-0.28364718905092856
	115217.47255878874	-0.6257314530874859
	115217.59463899335	-0.764449938236852
	115217.71671919798	-0.7096749398728323
	115217.8387994026	-0.2830174379360916
	115217.96087960721	0.12559192897033808
	115218.08295981184	0.25507069703993973
	115218.20504001646	0.13808488138907213
	115218.32712022107	0.23951072278241875
	115218.4492004257	0.2497892044958255
	115218.57128063032	0.31707154534008775
	115218.69336083494	0.3936525885778528
	115218.81544103957	0.36403295079568404
	115218.93752124418	0.46632612038177634
	115219.0596014488	0.6019973183655215
	115219.18168165343	0.43175484458632113
	115219.30376185804	0.454732812288486
	115219.42584206266	0.5666437451710136
	115219.54792226729	0.28177498011623703
	115219.6700024719	0.7065516101209868
	115219.79208267652	0.5572056024157579
	115219.91416288115	0.41667075086233957
	115220.03624308576	0.4362292888538822
	115220.15832329038	0.30912024058860044
	115220.28040349501	0.4493500866015213
	115220.40248369963	0.5889127829358994
	115220.52456390424	0.46215610262138074
	115220.64664410887	0.4816135244436278
	115220.76872431349	0.7521440974429034
	115220.8908045181	0.5522310571849972
	115221.01288472273	0.5280966875424472
	115221.13496492735	0.34650201205098224
	115221.25704513196	0.32255533307167905
	115221.37912533659	0.339460691690998
	115221.50120554121	0.519102627893319
	115221.62328574582	0.6445550518502322
	115221.74536595045	0.6163219167463695
	115221.86744615507	0.49992573579213573
	115221.98952635968	0.4318664774900763
	115222.11160656431	0.49193604579682787
	115222.23368676893	0.45802479010958885
	115222.35576697355	0.44918957872992776
	115222.47784717818	0.5339620313541158
	115222.59992738279	0.4071917263597619
	115222.7220075874	0.3450973256997646
	115222.84408779204	0.37294408212500385
	115222.96616799665	0.35935392994979587
	115223.08824820127	0.36996635523073157
	115223.2103284059	0.17993310744553165
	115223.33240861051	0.2886859541923857
	115223.45448881513	0.49195229488708386
	115223.57656901976	0.5135014156435989
	115223.69864922437	0.6122890159175501
	115223.82072942899	0.6865954972756596
	115223.94280963362	0.8776403245322616
	115224.06488983824	0.7941846841346079
	115224.18697004285	0.9751924745261417
	115224.30905024748	0.9811534551506187
	115224.4311304521	1.0796692411333573
	115224.55321065671	1.0171312296228665
	115224.67529086134	1.1256823576057549
	115224.79737106596	0.9573591816792099
	115224.91945127057	1.180703444694507
	115225.0415314752	1.0984606477440508
	115225.16361167982	1.2570790625461414
	115225.28569188443	1.2677700542921375
	115225.40777208906	1.153134108409733
	115225.52985229368	1.183603443769176
	115225.6519324983	1.2758048279312502
	115225.77401270292	1.1301035489253346
	115225.89609290754	1.305920640490207
	115226.01817311216	1.2231453535947747
	115226.14025331679	1.1823422751940962
	115226.2623335214	1.4777733693211272
	115226.38441372602	1.2596807231205456
	115226.50649393065	1.1280017281970371
	115226.62857413528	1.2503623669727952
	115226.7506543399	1.2223416104260456
	115226.87273454452	1.021331116915619
	115226.99481474914	0.9349899810913535
	115227.11689495377	0.7396779418734756
	115227.23897515838	0.5801676542162303
	115227.361055363	0.7175123484428731
	115227.48313556763	0.7719466955050239
	115227.60521577224	0.6269802879439403
	115227.72729597686	0.5230709639127789
	115227.84937618149	0.5683169322334075
	115227.9714563861	0.5115384811642618
	115228.09353659072	0.6221356246637479
	115228.21561679535	0.38326752336056674
	115228.33769699997	0.4968825747081726
	115228.45977720458	0.6936436061117216
	115228.58185740921	0.4208038466690282
	115228.70393761383	0.4863236615545235
	115228.82601781844	0.451016214660724
	115228.94809802307	0.5426984426779509
	115229.07017822769	0.6264417717782612
	115229.1922584323	0.590962683036505
	115229.31433863693	0.28531057860102627
	115229.43641884155	0.4467965082411235
	115229.55849904616	0.5579001424399904
	115229.6805792508	0.6375913845063754
	115229.80265945541	0.23033790070305232
	115229.92473966003	0.41244337452166185
	115230.04681986466	0.5481120141056152
	115230.16890006927	0.5303487734657997
	115230.29098027389	0.6222232194429042
	115230.41306047852	0.6656981327586425
	115230.53514068313	0.5703579193978701
	115230.65722088775	0.3305224277824345
	115230.77930109238	0.5081306375775848
	115230.901381297	0.6308880162080502
	115231.02346150161	0.35545339128367004
	115231.14554170624	0.647606000097169
	115231.26762191085	0.6843855315169826
	115231.38970211547	0.7616092256385428
	115231.5117823201	0.803825669699213
	115231.63386252472	0.998614237508288
	115231.75594272933	1.0074593207531088
	115231.87802293396	1.115786567346197
	115232.00010313858	1.3144842061415931
	115232.12218334319	1.2713033037330628
	115232.24426354782	1.4076697033146408
	115232.36634375244	1.589579731100581
	115232.48842395705	1.63434292909813
	115232.61050416168	1.4829180373628401
	115232.7325843663	1.1587748406064737
	115232.85466457091	1.2174075485381484
	115232.97674477554	1.2419325953900286
	115233.09882498016	1.2567126010259682
	115233.22090518477	1.2560717534507786
	115233.3429853894	1.1973397548746318
	115233.46506559402	1.0962814402522922
	115233.58714579864	1.0163726836913267
	115233.70922600327	0.7270579187634659
	115233.83130620788	0.8085732928776285
	115233.9533864125	0.6088926579065441
	115234.07546661713	0.5761184921971172
	115234.19754682174	0.6907684117533066
	115234.31962702636	0.9056057248117582
	115234.44170723099	1.0384642971731302
	115234.5637874356	1.2080089043925908
	115234.68586764022	1.3427067906045145
	115234.80794784485	1.876190080823129
	115234.93002804946	2.3217679468336807
	115235.05210825408	2.8721406537325174
	115235.17418845871	3.312153321022406
	115235.29626866333	3.5590187866034197
	115235.41834886794	3.961968811555698
	115235.54042907257	4.133057952594224
	115235.66250927719	4.063188072222501
	115235.7845894818	3.7297832976736798
	115235.90666968643	3.2068304003909045
	115236.02874989105	2.9431420269654116
	115236.15083009566	2.146585442286161
	115236.2729103003	2.013997536862825
	115236.39499050491	1.8756783364187937
	115236.51707070952	1.7956649869641605
	115236.63915091415	1.6146109317307358
	115236.76123111877	1.4423487883124642
	115236.88331132338	1.1568449636397073
	115237.00539152802	0.6867211286310888
	115237.12747173263	0.6381195967387228
	115237.24955193725	0.40629626862427975
	115237.37163214188	0.38600359064573425
	115237.49371234649	0.2347911548199029
	115237.6157925511	0.4812487142644417
	115237.73787275574	0.514200662744427
	115237.85995296035	0.2660551430919319
	115237.98203316497	0.3277881754524956
	115238.1041133696	0.23710805432386353
	115238.22619357421	0.24018352028128848
	115238.34827377883	0.14987525910714847
	115238.47035398346	0.21200363257998112
	115238.59243418807	0.24434216586389418
	115238.71451439269	0.2657704952503059
	115238.83659459732	0.2865378102076733
	115238.95867480194	0.34736333352158594
	115239.08075500655	0.4275178147718156
	115239.20283521118	0.21959594509564945
	115239.3249154158	0.20896421484724884
	115239.44699562041	0.45016032431029795
	115239.56907582504	0.5481378203933269
	115239.69115602966	0.723081743798429
	115239.81323623427	0.48393467512835786
	115239.9353164389	0.6927040075540798
	115240.05739664352	0.45084320160604385
	115240.17947684813	0.2827607179412583
	115240.30155705276	0.32584848423362495
	115240.42363725738	0.04147841057686031
	115240.545717462	0.08922235435864419
	115240.66779766663	0.3460332986382672
	115240.78987787124	0.1763830347984008
	115240.91195807586	0.02308126089904824
	115241.03403828049	0.02362836346903616
	115241.1561184851	-0.0738192831130007
	115241.27819868972	0.02015105136124246
	115241.40027889435	-0.1255745723841158
	115241.52235909896	-0.2742975049054725
	115241.64443930358	-0.06917107792079741
	115241.76651950821	-0.1049845644999076
	115241.88859971282	-0.18596669618858494
	115242.01067991744	-0.14268077226574727
	115242.13276012207	0.04851355403657851
	115242.25484032668	0.17969006112724428
	115242.3769205313	0.076397229266472
	115242.49900073593	0.001153754675215387
	115242.62108094055	-0.17550007574347126
	115242.74316114516	-0.1814662143871053
	115242.86524134979	0.010924141731304692
	115242.9873215544	-0.1378349827343289
	115243.10940175902	-0.27815708187820065
	115243.23148196365	-0.36089843188496923
	115243.35356216827	-0.5533603432279348
	115243.47564237288	-0.46038150863432
	115243.59772257751	-0.36017155010646945
	115243.71980278213	-0.5553458884772704
	115243.84188298674	-0.48244573507827865
	115243.96396319137	-0.5107749802310437
	115244.08604339599	-0.420886162099524
	115244.2081236006	-0.3976480981964308
	115244.33020380524	-0.47807678003586257
	115244.45228400985	-0.536078340360646
	115244.57436421447	-0.6071861141480743
	115244.6964444191	-0.5121786099366767
	115244.81852462371	-0.5325686506018003
	115244.94060482833	-0.5619712417162578
	115245.06268503296	-0.6929306999176481
	115245.18476523757	-0.42327846676584385
	115245.30684544219	-0.19890819122110848
	115245.42892564682	0.6200496262974395
	115245.55100585143	0.8172934467820753
	115245.67308605605	0.24649077505003947
	115245.79516626068	-0.5762715269091411
	115245.9172464653	-0.5138583100891222
	115246.03932666991	-0.5288592200706768
	115246.16140687454	-0.5281143597442313
	115246.28348707916	-0.2587868330214749
	115246.40556728377	-0.2712662399039756
	115246.5276474884	-0.3068623052099438
	115246.64972769302	-0.40771430359895333
	115246.77180789763	-0.34738326557440163
	115246.89388810226	-0.27467090400841837
	115247.01596830688	-0.32009598641800596
	115247.1380485115	-0.6061536247698159
	115247.26012871612	-0.25946950717865686
	115247.38220892074	-0.10321932286646816
	115247.50428912535	0.05380698664171985
	115247.62636932998	0.46838194625441887
	115247.7484495346	0.6319627156094026
	115247.87052973922	0.9592253549119504
	115247.99260994385	1.6089849853461693
	115248.11469014846	1.5063079252192613
	115248.23677035308	0.8595800859020319
	115248.3588505577	0.8056898636520677
	115248.48093076232	0.5183643384523045
	115248.60301096694	0.45799450604731873
	115248.72509117157	-0.1102758886859614
	115248.84717137618	-0.5581096114208051
	115248.9692515808	-0.4325816688932682
	115249.09133178543	-0.6698926026766258
	115249.21341199004	-0.58023279919393
	115249.33549219466	-0.299765757713686
	115249.45757239929	-0.14940455569226663
	115249.5796526039	-0.01722969512088691
	115249.70173280852	0.36940637784554414
	115249.82381301315	1.075985068965835
	115249.94589321777	1.8038839672837517
	115250.06797342238	2.6722865006989536
	115250.19005362701	2.9303543809996153
	115250.31213383163	2.63610322241453
	115250.43421403626	2.009169866822411
	115250.55629424087	1.5846584983055787
	115250.67837444549	1.5698516286640167
	115250.80045465012	1.4143748072981044
	115250.92253485473	1.218030179984122
	115251.04461505935	1.0906345708028218
	115251.16669526398	1.1998328719611246
	115251.2887754686	1.3043206373322913
	115251.41085567321	1.3293750050196704
	115251.53293587784	1.4108500238540727
	115251.65501608246	1.5183920038215881
	115251.77709628707	1.4949414118429412
	115251.8991764917	1.6334721802123469
	115252.02125669632	1.7154073386163091
	115252.14333690093	1.7271881325961818
	115252.26541710556	1.6994628911567196
	115252.38749731018	1.7980705764447489
	115252.5095775148	1.8645871141952102
	115252.63165771942	2.0686548935684703
	115252.75373792404	1.810241786312151
	115252.87581812865	1.9959309104024998
	115252.99789833328	2.565323864741313
	115253.1199785379	2.5066736004216223
	115253.24205874251	2.9148962311116393
	115253.36413894714	2.6196220953957483
	115253.48621915176	2.6695414778530826
	115253.60829935638	2.488129422332772
	115253.730379561	3.1321003263738585
	115253.85245976562	3.404380695986151
	115253.97453997024	3.5755914623542626
	115254.09662017487	4.413917913476498
	115254.21870037948	5.722698676177402
	115254.3407805841	7.402678479395833
	115254.46286078873	9.897782636984996
	115254.58494099334	12.035649854216821
	115254.70702119796	14.202530734565194
	115254.82910140259	15.451570942938428
	115254.9511816072	15.801108988823122
	115255.07326181182	15.562237072437767
	115255.19534201645	15.525819997020946
	115255.31742222107	14.913139775693969
	115255.43950242568	14.270218332317992
	115255.56158263031	14.200288712452862
	115255.68366283493	14.646517595818041
	115255.80574303954	14.72463138750088
	115255.92782324417	13.295278508520559
	115256.04990344879	11.858583056334862
	115256.1719836534	11.013821736416423
	115256.29406385803	11.243440095989278
	115256.41614406265	12.390347940195962
	115256.53822426726	14.480039543402256
	115256.6603044719	15.587407546527155
	115256.78238467651	14.732029720042922
	115256.90446488113	12.898677825882016
	115257.02654508576	9.941898959555502
	115257.14862529037	8.1494927193154
	115257.27070549499	7.823937176852427
	115257.39278569962	7.095470664471949
	115257.51486590423	5.776428010760445
	115257.63694610885	4.379354551914354
	115257.75902631348	3.128892165881345
	115257.88110651809	2.6191159522915792
	115258.00318672271	2.165896409937328
	115258.12526692734	2.0708238904749936
	115258.24734713195	2.33446505361887
	115258.36942733657	2.6399662385095497
	115258.4915075412	2.578539248621702
	115258.61358774581	2.543329395043404
	115258.73566795043	2.4759159724969084
	115258.85774815506	2.696943432723223
	115258.97982835968	3.2398790994297895
	115259.10190856429	3.0903414970923118
	115259.22398876892	3.105705459153919
	115259.34606897354	3.0268051835916254
	115259.46814917815	3.261343787661164
	115259.59022938278	2.923625506960604
	115259.7123095874	2.6250268533634302
	115259.83438979201	2.5097706699125806
	115259.95646999664	1.9917846732466633
	115260.07855020126	1.8087983203595883
	115260.20063040587	1.6481170672664984
	115260.3227106105	1.679514421084888
	115260.44479081512	1.4797856773462752
	115260.56687101974	1.3571388856149798
	115260.68895122437	1.4497331791045311
	115260.81103142898	1.5314078716426922
	115260.9331116336	1.9652925937106176
	115261.05519183823	2.0439584325568414
	115261.17727204284	2.4908583078337014
	115261.29935224746	2.7998280259916952
	115261.42143245209	3.196215337092673
	115261.5435126567	3.2389519563772957
	115261.66559286132	3.276991517827379
	115261.78767306595	3.1074624820119694
	115261.90975327056	2.7287203204349324
	115262.03183347518	2.66203483941383
	115262.15391367981	2.4071267698212857
	115262.27599388442	2.331375649807594
	115262.39807408904	2.0532582824438674
	115262.52015429367	1.9459298254784936
	115262.64223449829	1.684608365733992
	115262.7643147029	1.6365154754151745
	115262.88639490753	1.5258913680174981
	115263.00847511215	1.662736751902931
	115263.13055531676	1.7727315043306633
	115263.25263552139	1.6249771888920022
	115263.37471572601	1.505695904611271
	115263.49679593062	1.357586304120536
	115263.61887613525	0.9775400429247936
	115263.74095633987	1.0307349341291943
	115263.86303654448	0.39621442192861306
	115263.98511674911	-0.36248946311071556
	115264.10719695373	-0.23237704237676204
	115264.22927715835	-0.06175334719210669
	115264.35135736298	0.13842235240920242
	115264.47343756759	0.02791655624097461
	115264.5955177722	0.2471704152575661
	115264.71759797684	0.33449343324667985
	115264.83967818145	0.6474589116117474
	115264.96175838607	0.7106896359247019
	115265.0838385907	1.0875025152749191
	115265.20591879531	1.3543022386686303
	115265.32799899993	1.4583149605412307
	115265.45007920456	1.5807845231798052
	115265.57215940917	1.5555871792730462
	115265.69423961379	1.7659518705215778
	115265.81631981842	1.5321102090087955
	115265.93840002303	1.5661929268581019
	115266.06048022765	2.0319108178259895
	115266.18256043228	2.3447869139759288
	115266.3046406369	2.4817476573731585
	115266.42672084151	2.329863486845419
	115266.54880104614	2.3421792561287593
	115266.67088125076	2.3954608002454556
	115266.79296145537	2.5399785921263267
	115266.91504166	2.5892967288098596
	115267.03712186462	2.6515447728002566
	115267.15920206923	2.631641816766822
	115267.28128227386	2.4542216682676288
	115267.40336247848	1.7243825191310829
	115267.5254426831	1.0649577704917883
	115267.64752288772	0.058531426366755235
	115267.76960309234	-0.6683519832209331
	115267.89168329696	-0.8899884761923625
	115268.01376350159	-1.0903965610344861
	115268.1358437062	-1.5020351777347276
	115268.25792391082	-2.2045589289754637
	115268.38000411545	-2.820165039409448
	115268.50208432006	-3.009240153670092
	115268.62416452468	-3.312003377431716
	115268.74624472931	-3.5242234886589334
	115268.86832493392	-3.5789967557153584
	115268.99040513854	-3.1596624648951614
	115269.11248534317	-3.07957891832082
	115269.23456554778	-3.0633905429387083
	115269.3566457524	-2.984404272961921
	115269.47872595703	-2.3001195625035886
	115269.60080616164	-1.5263501058312545
	115269.72288636626	-0.8979703174807726
	115269.84496657089	-0.556065837618514
	115269.9670467755	-0.5147408357008637
	115270.08912698012	-0.734323754912942
	115270.21120718475	-1.0844486409136347
	115270.33328738937	-0.9967409194692827
	115270.45536759398	-1.1726701580682444
	115270.57744779861	-1.4278187695189002
	115270.69952800323	-1.5252308186741617
	115270.82160820784	-1.3746993013466406
	115270.94368841247	-1.1639802196920523
	115271.06576861709	-1.152324847978688
	115271.1878488217	-0.7026249166303082
	115271.30992902633	0.46039034608181945
	115271.43200923095	0.718828380393673
	115271.55408943557	0.2951572997960493
	115271.6761696402	-0.1645392650275099
	115271.79824984481	-0.5983186900597615
	115271.92033004943	-1.1469131125814993
	115272.04241025406	-1.2237657177994679
	115272.16449045867	-1.0276705711569185
	115272.28657066329	-0.8273821414168047
	115272.40865086792	-0.8318403111699159
	115272.53073107253	-0.8476414595227747
	115272.65281127715	-0.9747437308440741
	115272.77489148178	-1.1587982086815454
	115272.8969716864	-1.0357445626173034
	115273.01905189101	-0.865376552759923
	115273.14113209564	-0.8790478034531513
	115273.26321230025	-1.0858608238129444
	115273.38529250487	-0.805526056812392
	115273.5073727095	-0.09034755688145107
	115273.62945291412	-0.7514988657115418
	115273.75153311873	-1.384900439659411
	115273.87361332336	-1.371499628919452
	115273.99569352798	-1.4013402293965533
	115274.1177737326	-1.2911492075348263
	115274.23985393722	-1.5371574905864278
	115274.36193414184	-1.5503064610045187
	115274.48401434647	-0.9835123788464538
	115274.60609455108	-0.3607440405045088
	115274.7281747557	-0.8182489275735243
	115274.85025496034	-1.554515727512423
	115274.97233516496	-2.2222275420025825
	115275.09441536957	-2.3521991213578346
	115275.2164955742	-2.697776961385637
	115275.33857577882	-2.5537780631465723
	115275.46065598344	-2.6307451059731752
	115275.58273618807	-2.716832842767781
	115275.70481639268	-2.529532209515383
	115275.8268965973	-2.3337979044469557
	115275.94897680193	-2.3013638415318365
	115276.07105700654	-2.2286207079827496
	115276.19313721116	-1.9127103437823083
	115276.31521741579	-1.642622870234524
	115276.4372976204	-1.3022627759555139
	115276.55937782502	-1.3350649506903511
	115276.68145802965	-1.7965432248251623
	115276.80353823426	-1.9145512312367206
	115276.92561843888	-1.8321431118188394
	115277.04769864351	-0.8582620095688551
	115277.16977884813	-0.4884832867316003
	115277.29185905274	-0.004259862166384802
	115277.41393925737	0.4597190691926381
	115277.53601946199	0.2760699035781409
	115277.6580996666	-0.22844146956633268
	115277.78017987123	-0.7528508265838865
	115277.90226007585	-0.7526813261322688
	115278.02434028046	-0.3762546585479602
	115278.14642048509	-0.40214751515452335
	115278.26850068971	-0.6003416544901251
	115278.39058089432	-0.2597725109844415
	115278.51266109895	0.15528804678859598
	115278.63474130357	-0.04460505532760117
	115278.75682150818	-0.6426663743494558
	115278.87890171281	-0.9402672200414932
	115279.00098191743	-0.9922646715690892
	115279.12306212205	-0.910987745197438
	115279.24514232668	-1.1409737798009043
	115279.36722253129	-1.000410511952714
	115279.4893027359	-1.0175005922831377
	115279.61138294054	-0.9987624377773512
	115279.73346314515	-1.1639166991335286
	115279.85554334977	-1.0567666978217283
	115279.9776235544	-0.779435678026039
	115280.09970375901	-0.4680613875799765
	115280.22178396363	-0.6043136687073121
	115280.34386416826	-0.26484650542649446
	115280.46594437287	-0.39082412998505806
	115280.58802457749	-0.850563468999027
	115280.71010478212	-0.7839577742327526
	115280.83218498674	-0.6559002936964647
	115280.95426519135	-0.7413041956299979
	115281.07634539598	-0.6406202741101039
	115281.1984256006	-0.6833524380709182
	115281.32050580521	-0.5175879551692817
	115281.44258600984	-0.39842194146190796
	115281.56466621446	-0.6426474326150137
	115281.68674641907	-0.6065028489816059
	115281.8088266237	-0.7833300976487061
	115281.93090682832	-0.8294454712689364
	115282.05298703293	-0.5293937239694018
	115282.17506723756	-0.8134446702660314
	115282.29714744218	-0.5789815921866044
	115282.4192276468	-0.6779487672378841
	115282.54130785142	-1.4029042501869937
	115282.66338805604	-0.7929066322633169
	115282.78546826066	-0.05947959698554109
	115282.90754846529	0.07534834077904091
	115283.0296286699	0.349237357154288
	115283.15170887452	0.5983462371930747
	115283.27378907915	1.515183473200335
	115283.39586928376	2.212489138150026
	115283.51794948838	2.389592003590102
	115283.64002969301	3.3329013035906065
	115283.76210989762	3.6546526933981816
	115283.88419010224	3.604233964932623
	115284.00627030687	3.9050077221076895
	115284.12835051148	3.608919696130559
	115284.2504307161	3.003469445370741
	115284.37251092073	2.6947960438917433
	115284.49459112535	2.2659699049530087
	115284.61667132996	1.6748324665607788
	115284.73875153459	1.1053236726039577
	115284.8608317392	0.8334379064421744
	115284.98291194382	0.5580127142617864
	115285.10499214845	0.4778713147641652
	115285.22707235307	0.37600536258024936
	115285.34915255768	0.390355677926285
	115285.47123276231	0.3814828222528233
	115285.59331296693	0.7220988279319189
	115285.71539317154	0.4035296533279987
	115285.83747337617	-0.01873714756334181
	115285.95955358079	0.29684087647128293
	115286.0816337854	0.683962234201499
	115286.20371399003	1.1519146760780108
	115286.32579419465	1.4512264526332954
	115286.44787439927	1.563179330427185
	115286.5699546039	1.439080386286872
	115286.69203480851	1.2961357423010136
	115286.81411501313	0.8454818126849176
	115286.93619521776	0.3747091610597645
	115287.05827542237	-0.000819580089180122
	115287.18035562699	-0.25518391070467983
	115287.30243583162	-0.1384571789106224
	115287.42451603623	-0.19627087651287878
	115287.54659624085	-0.322297050882872
	115287.66867644548	-0.4173851225724376
	115287.7907566501	-0.6957334384619739
	115287.91283685471	-0.8030548261343802
	115288.03491705934	-0.7409510075807113
	115288.15699726396	-0.2052730201651288
	115288.27907746857	-0.4296235698660137
	115288.4011576732	-0.7733011687362679
	115288.52323787782	-0.9580134915357161
	115288.64531808243	-0.893803720287051
	115288.76739828706	-1.0839326324948577
	115288.88947849168	-1.2055785157252208
	115289.0115586963	-0.5837518079903965
	115289.13363890092	-0.5345563756358308
	115289.25571910554	-0.7221515652797793
	115289.37779931015	-0.363220021147085
	115289.49987951478	-0.48055540252280593
	115289.6219597194	-0.4134036112625844
	115289.74403992401	-0.41387147369876387
	115289.86612012864	-0.25160940482935357
	115289.98820033326	0.10631727963277157
	115290.11028053788	0.6969773989275525
	115290.2323607425	0.6210363408166764
	115290.35444094712	-0.8322521796483504
	115290.47652115174	-1.1928511066900034
	115290.59860135637	-1.0612768684568645
	115290.72068156098	-0.7334438278852645
	115290.8427617656	-0.5901531529959017
	115290.96484197023	-0.8239066418002247
	115291.08692217484	-0.7181976337977737
	115291.20900237946	-0.8847368087469722
	115291.33108258409	-0.5764383761608644
	115291.4531627887	-0.7568436929601182
	115291.57524299332	-1.3651560819323005
	115291.69732319795	-2.727725369598937
	115291.81940340257	-3.5472363673069327
	115291.94148360718	-3.083995318518865
	115292.06356381181	-1.1035429481047847
	115292.18564401643	-0.37725978871575505
	115292.30772422104	-0.5749075764226298
	115292.42980442567	-1.1746465807937458
	115292.55188463029	-2.4106557309060332
	115292.6739648349	-2.3959392132383504
	115292.79604503953	-0.35635929099293967
	115292.91812524415	-0.26571964664161213
	115293.04020544876	-2.1062668501265756
	115293.1622856534	-3.906005225237636
	115293.28436585801	-4.089576197992955
	115293.40644606263	-3.900002109894445
	115293.52852626726	-3.216892957790468
	115293.65060647187	-2.3712027134509013
	115293.77268667649	-1.1968477832073412
	115293.89476688112	-0.5373384801485652
	115294.01684708573	-0.1869780380693048
	115294.13892729035	-0.016825999717292622
	115294.26100749498	0.0815325033676619
	115294.38308769959	0.11000162626520628
	115294.50516790422	0.1296128008385563
	115294.62724810884	0.1594370136971083
	115294.74932831345	0.19875566940082764
	115294.87140851808	0.10940929355304939
	115294.9934887227	-0.16530756563998103
	115295.11556892731	-0.2026757394559895
	115295.23764913194	-0.07176172727211455
	115295.35972933656	-0.03317528023255196
	115295.48180954118	-0.158370681864703
	115295.6038897458	0.013765008876736049
	115295.72596995042	-0.01879670130942715
	115295.84805015504	0.051093746228656714
	115295.97013035967	-0.1608161816482772
	115296.09221056428	-0.050554957445359754
	115296.2142907689	0.01708333301506933
	115296.33637097353	0.026503556000430292
	115296.45845117814	0.03568660943892908
	115296.58053138276	0.11113663253958553
	115296.70261158739	0.01607210229529334
	115296.824691792	-0.3019626289336002
	115296.94677199662	-0.03550246591944249
	115297.06885220125	-0.039000012826614666
	115297.19093240587	-0.17858005707373115
	115297.31301261048	-0.10218598572436924
	115297.43509281511	-0.05693388691033249
	115297.55717301973	-0.14295824596641485
	115297.67925322434	-0.32216303282946357
	115297.80133342897	-0.4408712412739989
	115297.92341363359	-0.2651501905337487
	115298.0454938382	-0.4128740992382035
	115298.16757404283	-0.6244797543692058
	115298.28965424745	-0.6191113995887576
	115298.41173445206	-0.5002516550568575
	115298.5338146567	-0.3498536862441234
	115298.65589486131	-0.4401315497608334
	115298.77797506592	-0.5195242440161995
	115298.90005527055	-0.40571289213571254
	115299.02213547517	-0.3674254009418153
	115299.14421567979	-0.11902811408433671
	115299.26629588442	-0.17256845364499143
	115299.38837608903	-0.17161814215118676
	115299.51045629365	-0.5399507087307064
	115299.63253649828	-0.43551018818499
	115299.75461670289	-0.42799995000885965
	115299.87669690751	-0.5381789174142746
	115299.99877711214	-0.6283646255462983
	115300.12085731675	-0.532760329120418
	115300.24293752137	-0.6366092290711576
	115300.365017726	-0.8313662699226808
	115300.48709793061	-0.8005334327722036
	115300.60917813523	-0.6220866152479022
	115300.73125833986	-0.6923955516545205
	115300.85333854448	-0.9505082424133975
	115300.97541874909	-1.029288067516605
	115301.09749895372	-0.9775733916718634
	115301.21957915834	-1.1554367629525442
	115301.34165936295	-0.6881081359245788
	115301.46373956758	-0.053388417670298484
	115301.5858197722	0.5169996198189049
	115301.70789997681	0.2652386148728078
	115301.82998018144	0.3167603695950657
	115301.95206038606	0.4371572566521335
	115302.07414059067	0.38408059907295033
	115302.1962207953	0.6505876881902305
	115302.31830099992	0.6498311768115571
	115302.44038120453	0.90182692374005
	115302.56246140916	0.9588184052118143
	115302.68454161378	1.1124026269435778
	115302.8066218184	1.2263221355594434
	115302.92870202303	1.3738624141422824
	115303.05078222764	1.5028679897320236
	115303.17286243226	1.561839539804349
	115303.29494263689	1.0646119952243283
	115303.4170228415	0.4919643775216652
	115303.53910304612	0.6083084043035688
	115303.66118325075	0.3477588940829345
	115303.78326345536	0.17936358381679543
	115303.90534365998	0.2364391481306905
	115304.02742386461	0.23488821896505332
	115304.14950406922	0.4132518974750023
	115304.27158427384	0.34445779974525736
	115304.39366447847	0.1568100138413839
	115304.51574468309	0.15305854209141648
	115304.6378248877	0.11417300396796776
	115304.75990509233	-0.1368270881774667
	115304.88198529695	-0.03258487288021792
	115305.00406550156	0.01015880574207641
	115305.12614570619	-0.18695234223998583
	115305.24822591081	-0.21572171946014532
	115305.37030611542	-0.3329056142262935
	115305.49238632005	-0.6546258900859702
	115305.61446652467	-0.41578309910154637
	115305.73654672928	-0.3924818772671173
	115305.85862693391	-0.572838591025524
	115305.98070713853	-0.48327947578498587
	115306.10278734314	-0.36419929428312064
	115306.22486754777	-0.35580867635085606
	115306.34694775239	-0.21075864090019697
	115306.469027957	-0.30306786880857933
	115306.59110816164	-0.40897790875569945
	115306.71318836625	-0.2929904503036082
	115306.83526857087	0.013722379462648036
	115306.9573487755	-0.22016434547485333
	115307.07942898011	-0.2836855323843999
	115307.20150918473	-0.13131137183257302
	115307.32358938936	-0.2233512486600423
	115307.44566959397	-0.12486863386549651
	115307.56774979859	-0.22573089314459283
	115307.68983000322	-0.14110153200039502
	115307.81191020783	-0.1456072565759998
	115307.93399041245	-0.1866591244966208
	115308.05607061708	-0.488795450628296
	115308.1781508217	-0.4867666572268783
	115308.30023102631	-0.29886851225104194
	115308.42231123094	-0.31179258771960977
	115308.54439143556	-0.20305958278593012
	115308.66647164017	-0.14816962412521106
	115308.7885518448	-0.22183780085945573
	115308.91063204942	-0.18437197851301695
	115309.03271225403	-0.2869143185904095
	115309.15479245866	-0.4314276549435095
	115309.27687266328	-0.2298238074046037
	115309.3989528679	-0.37250448643167056
	115309.52103307252	-0.4365219240728946
	115309.64311327714	-0.3752035779994691
	115309.76519348175	-0.48164591045316824
	115309.88727368639	-0.3512703953057804
	115310.009353891	-0.5609830031109238
	115310.13143409562	-0.5537406460486597
	115310.25351430025	-0.2900620030015106
	115310.37559450486	-0.4173836561984588
	115310.49767470948	-0.5160166816045965
	115310.6197549141	-0.3082487291991246
	115310.74183511872	-0.4148033699681093
	115310.86391532334	-0.5272831345930231
	115310.98599552797	-0.3411822860635987
	115311.10807573258	-0.48184294464721644
	115311.2301559372	-0.6040363892284554
	115311.35223614183	-0.6104494827491682
	115311.47431634644	-0.7367613788919201
	115311.59639655106	-0.7543518296517674
	115311.71847675569	-0.6287134403059548
	115311.8405569603	-0.6425988654868074
	115311.96263716492	-0.7221304246730919
	115312.08471736955	-0.7700641055106356
	115312.20679757417	-0.9066233927391802
	115312.32887777878	-1.0121785809721608
	115312.45095798341	-0.9644984914206546
	115312.57303818803	-1.0229882982193095
	115312.69511839264	-1.0890688466110354
	115312.81719859727	-1.2597005239984698
	115312.93927880189	-1.252911506557684
	115313.0613590065	-1.14155352540632
	115313.18343921113	-1.0339816820897512
	115313.30551941575	-1.1071453945710095
	115313.42759962037	-0.980544221684143
	115313.549679825	-1.014278242467084
	115313.67176002961	-0.9008215488801327
	115313.79384023423	-0.7256080192939612
	115313.91592043886	-0.8771926018862701
	115314.03800064347	-0.7676068686072192
	115314.16008084809	-0.7246191534824468
	115314.28216105272	-0.644796105802499
	115314.40424125733	-0.8427757011781192
	115314.52632146195	-0.5115178574448545
	115314.64840166658	-0.34465624553680696
	115314.7704818712	-0.4179837080086985
	115314.89256207581	-0.3408056321448345
	115315.01464228044	-0.2870462875209718
	115315.13672248505	-0.4360771803216877
	115315.25880268967	-0.3617307244532506
	115315.3808828943	-0.4567182670194989
	115315.50296309892	-0.4341937752359532
	115315.62504330353	-0.3192157896138723
	115315.74712350816	-0.16431036805836832
	115315.86920371278	0.09527035603572992
	115315.99128391739	-0.2249918288657416
	115316.11336412202	-0.06269680948944899
	115316.23544432664	-0.009003107734568597
	115316.35752453125	0.08184534294885215
	115316.47960473588	0.07340560469767145
	115316.6016849405	-0.2085085327193661
	115316.72376514511	-0.6093899499563605
	115316.84584534974	-0.811489560344489
	115316.96792555436	-0.7261675582750656
	115317.09000575898	-0.5134874019600228
	115317.2120859636	-0.45364065862252106
	115317.33416616822	-0.35587946735345855
	115317.45624637284	-0.3282254542967239
	115317.57832657747	-0.19207106556725154
	115317.70040678208	0.06304824443076629
	115317.8224869867	-0.12106923041005116
	115317.94456719133	-0.11349168484873996
	115318.06664739594	-0.10750636152322768
	115318.18872760056	0.1643294764526868
	115318.31080780519	-0.12050786954260928
	115318.4328880098	-0.08957267188544075
	115318.55496821443	-0.01705962797539012
	115318.67704841905	-0.03627437847208852
	115318.79912862366	-0.09935613803549274
	115318.9212088283	0.09647936003427941
	115319.04328903291	-0.11173573126798725
	115319.16536923753	-0.06520079709220014
	115319.28744944216	0.022142621176294012
	115319.40952964677	0.24072923709797833
	115319.53160985139	0.32066965047985185
	115319.65369005602	0.09025887237630839
	115319.77577026063	-0.01406951649282616
	115319.89785046525	0.16540337051218787
	115320.01993066988	0.12495877125785436
	115320.1420108745	0.1681973278319157
	115320.26409107911	0.2155664925149418
	115320.38617128374	0.09302821399584461
	115320.50825148835	0.18237900744783428
	115320.63033169297	0.08280398468047016
	115320.7524118976	-0.012503699127266097
	115320.87449210222	0.11914475494547333
	115320.99657230683	0.18362575538202192
	115321.11865251146	0.05037273707396615
	115321.24073271608	0.027603333450532026
	115321.36281292069	-0.017273437185635017
	115321.48489312532	-0.08137785866617495
	115321.60697332994	0.05334810813104009
	115321.72905353455	0.03573143154840994
	115321.85113373918	0.11451301966665398
	115321.9732139438	0.037984425865763664
	115322.09529414841	-0.08460676355769438
	115322.21737435304	-0.16710475688843643
	115322.33945455766	-0.06677555324641454
	115322.46153476227	-0.0329593769473854
	115322.5836149669	0.13706900915300063
	115322.70569517152	0.04435540415486538
	115322.82777537614	-0.1308508581799435
	115322.94985558078	-0.17831983775294039
	115323.0719357854	-0.20692063671317193
	115323.19401599001	-0.2812001751863868
	115323.31609619464	-0.11324928807429634
	115323.43817639926	-0.07966473758784923
	115323.56025660387	-0.15352842859477328
	115323.6823368085	-0.11405784011133788
	115323.80441701312	-0.06813246526354923
	115323.92649721773	-0.06058573777908107
	115324.04857742236	-0.07675916220675469
	115324.17065762698	0.07251013101000019
	115324.2927378316	0.06424816895813716
	115324.41481803622	0.11629431617771005
	115324.53689824084	0.12753886562042596
	115324.65897844546	-0.030852011714747184
	115324.78105865009	-0.10758677580823299
	115324.9031388547	-0.21350846439263158
	115325.02521905932	-0.07377582346747905
	115325.14729926395	0.09009204800656291
	115325.26937946856	-0.038841568968001366
	115325.39145967318	0.03405283457283608
	115325.51353987781	-0.08384481171760082
	115325.63562008242	0.15636232547838985
	115325.75770028704	0.13095880430025195
	115325.87978049167	0.06714131134071864
	115326.00186069628	-0.08963023700700797
	115326.1239409009	0.12451148276215579
	115326.24602110553	0.18023833925439614
	115326.36810131014	0.31793646673180387
	115326.49018151476	0.36541240842574024
	115326.61226171939	0.4055913197119106
	115326.734341924	0.32656255016612895
	115326.85642212862	0.43481511910116094
	115326.97850233325	0.31711142786591107
	115327.10058253787	0.4002195323345078
	115327.22266274248	0.35197238502900063
	115327.34474294711	0.34955329817689856
	115327.46682315173	0.4501540837619179
	115327.58890335634	0.18915921444976733
	115327.71098356097	0.13437739352286576
	115327.83306376559	0.21579764763422027
	115327.9551439702	0.06440145206432514
	115328.07722417483	-0.008987489843995023
	115328.19930437945	0.10133345868603309
	115328.32138458407	-0.03057624540849576
	115328.4434647887	-0.03749911497780476
	115328.56554499331	-0.038227383392036594
	115328.68762519793	-0.04822501804119928
	115328.80970540256	-0.20979295337419301
	115328.93178560717	-0.1798190572931884
	115329.05386581179	0.08164052209658976
	115329.17594601642	0.19503593393764632
	115329.29802622103	0.1658101987734904
	115329.42010642565	0.036258517886456405
	115329.54218663028	0.23362651639059265
	115329.6642668349	0.25612752385704896
	115329.78634703951	0.1057378804420985
	115329.90842724414	0.17853143427198975
	115330.03050744876	0.12881686418936053
	115330.15258765337	0.12678715741521832
	115330.274667858	0.022605837326401
	115330.39674806262	0.07576362456025668
	115330.51882826723	0.0639525999026233
	115330.64090847186	-0.13197628254771873
	115330.76298867648	-0.08358145632981226
	115330.88506888109	0.0676719229964748
	115331.00714908572	-0.19331417736429
	115331.12922929034	-0.033320987391445935
	115331.25130949495	-0.07058577147114571
	115331.37338969958	0.035563031046864556
	115331.4954699042	0.08747325252633609
	115331.61755010881	0.18947880715942367
	115331.73963031344	0.11186122653196094
	115331.86171051806	-0.22610306602213104
	115331.98379072268	-0.04821563038342633
	115332.1058709273	-0.06452526967454719
	115332.22795113192	-0.29755553756279984
	115332.35003133654	-0.17411522537425952
	115332.47211154117	-0.0523053808939583
	115332.59419174578	-0.11072527627709915
	115332.7162719504	-0.1330174415839588
	115332.83835215503	-0.24974070961689027
	115332.96043235964	-0.15342236825253674
	115333.08251256426	-0.1003866964208394
	115333.20459276889	-0.15661610119276215
	115333.3266729735	-0.016086529192319204
	115333.44875317812	-0.041646061908358754
	115333.57083338275	-0.10240053211200292
	115333.69291358737	-0.07136799594506221
	115333.81499379198	0.03077187673617881
	115333.93707399661	-0.01237285147811441
	115334.05915420123	-0.16622903715084997
	115334.18123440584	-0.0854127626390992
	115334.30331461047	0.018411297463544824
	115334.42539481509	0.057944517816606284
	115334.5474750197	-0.03734032239514667
	115334.66955522433	0.018565166249497857
	115334.79163542895	4.513742331518134e-05
	115334.91371563356	-0.0033804686773875096
	115335.0357958382	-0.0780060404428503
	115335.15787604281	-0.023456498321335888
	115335.27995624742	0.059112264180895276
	115335.40203645205	-0.06895031789546796
	115335.52411665667	-0.10820321685369216
	115335.64619686129	0.02954651979625713
	115335.76827706592	-0.01413256461544288
	115335.89035727053	0.0420926361981942
	115336.01243747515	0.14928984923156505
	115336.13451767978	0.037798014650199274
	115336.25659788439	-0.04942486620197354
	115336.37867808901	0.045985839316481376
	115336.50075829364	0.1903111045523464
	115336.62283849825	0.15749354283023548
	115336.74491870287	-0.05112679189488816
	115336.8669989075	-0.02954710299969713
	115336.98907911211	0.3083351056203414
	115337.11115931673	0.050623537335439714
	115337.23323952136	-0.13776793087483763
	115337.35531972598	0.05265835921142203
	115337.47739993059	-0.033980945295796566
	115337.59948013522	0.013092038827410262
	115337.72156033984	-0.055967428147056165
	115337.84364054445	0.0312438482781055
	115337.96572074908	0.025218159687473443
	115338.0878009537	-0.12038988900965496
	115338.20988115831	0.04168993294992945
	115338.33196136294	-0.07212924710980748
	115338.45404156756	-0.05791721163504656
	115338.57612177217	-0.15280333726845874
	115338.6982019768	-0.04394112817464195
	115338.82028218142	0.1303878817470339
	115338.94236238605	0.05120036317487157
	115339.06444259066	0.08517312292011409
	115339.18652279528	0.142453694923463
	115339.30860299991	-0.025987835079194818
	115339.43068320453	-0.02892550255726203
	115339.55276340914	-0.07074188174348606
	115339.67484361377	0.029624307276319775
	115339.79692381839	0.02859339645125821
	115339.919004023	-0.0047921925789631255
	115340.04108422763	-0.14452156269932606
	115340.16316443225	-0.11526229297353506
	115340.28524463686	-0.016372896205461406
	115340.4073248415	0.2077356635715019
	115340.52940504611	0.04255535629224344
	115340.65148525072	0.19847002927723256
	115340.77356545535	0.07662236462419918
	115340.89564565997	0.031111538698965515
	115341.01772586459	-0.07086889735323972
	115341.13980606922	0.027662565502059512
	115341.26188627383	-0.0827732509029217
	115341.38396647845	-0.0553021550392972
	115341.50604668308	-0.019839456579842967
	115341.62812688769	-0.055940256782123714
	115341.75020709231	0.05056460096178078
	115341.87228729694	-0.08285100498990283
	115341.99436750155	0.045653788625090404
	115342.11644770617	0.07968607310729146
	115342.2385279108	0.1402119616200099
	115342.36060811541	-0.23853873175833715
	115342.48268832003	-0.19666429984702646
	115342.60476852466	-0.1754872133985622
	115342.72684872927	0.03150747529545092
	115342.84892893389	0.013727952089679307
	115342.97100913852	-0.027742320147071294
	115343.09308934314	-0.11498608296111675
	115343.21516954775	-0.03155117048970384
	115343.33724975238	-0.05018078838535561
	115343.459329957	-0.22460550243166041
	115343.58141016161	-0.177265339293763
	115343.70349036624	0.03008268523015335
	115343.82557057086	0.09341241041396842
	115343.94765077547	0.05837198399672595
	115344.0697309801	-0.16193314104631526
	115344.19181118472	-0.11839395383109508
	115344.31389138933	-0.10738613670919031
	115344.43597159396	-0.13147998705349745
	115344.55805179858	-0.2782728392831607
	115344.6801320032	0.01598416249625357
	115344.80221220783	0.19315470990833622
	115344.92429241244	-0.0619455811892439
	115345.04637261706	-0.12692042303708181
	115345.16845282169	-0.12770471923880888
	115345.2905330263	-0.07363392638540346
	115345.41261323092	0.02881489358379016
	115345.53469343555	0.060873271670647947
	115345.65677364016	0.04571991323387042
	115345.77885384478	0.09017727934851029
	115345.90093404941	0.15717080301474282
	115346.02301425402	-0.04396084110963908
	115346.14509445864	-0.06530885622535876
	115346.26717466327	-0.08976156398318343
	115346.38925486789	0.11898248674941914
	115346.5113350725	-0.1344718886493847
	115346.63341527713	0.002917173566910724
	115346.75549548175	-0.03267583374197501
	115346.87757568636	-0.27050530675972895
	115346.99965589099	-0.11530196713170283
	115347.1217360956	0.07733860792817376
	115347.24381630022	0.21912596005875584
	115347.36589650485	0.06444775294637713
	115347.48797670947	0.04753143125826319
	115347.61005691408	0.10233859065992082
	115347.73213711871	0.15443262014108058
	115347.85421732333	0.2211908636410797
	115347.97629752794	0.2777108123104153
	115348.09837773257	0.1933227180113057
	115348.22045793719	0.13163061742331836
	115348.3425381418	0.11044344088645787
	115348.46461834644	-0.0004327212372644879
	115348.58669855105	0.04858072854219672
	115348.70877875567	0.1873065693912441
	115348.8308589603	0.08829666124750024
	115348.95293916491	-0.03488264408797461
	115349.07501936953	0.007807096622899728
	115349.19709957416	-0.04152242739077523
	115349.31917977877	0.08300596967374343
	115349.44125998339	0.14511300098517713
	115349.56334018802	0.010841167888915596
	115349.68542039263	0.007565290248485836
	115349.80750059725	0.08978174708372348
	115349.92958080188	0.08878477303822149
	115350.0516610065	-0.13975947656706486
	115350.17374121111	-0.1435595233685197
	115350.29582141574	-0.20506631570568346
	115350.41790162036	-0.21720503468095959
	115350.53998182497	0.07659250342767272
	115350.6620620296	0.06136610283421744
	115350.78414223422	-0.009145966707738783
	115350.90622243883	0.06735012606659607
	115351.02830264346	-0.06878679044541236
	115351.15038284808	0.03026895800567042
	115351.2724630527	-0.1534409738177898
	115351.39454325732	-0.21989154492246238
	115351.51662346194	0.04175607505796529
	115351.63870366655	-0.12577714129225773
	115351.76078387118	-0.2290215062659762
	115351.8828640758	-0.1548238271970447
	115352.00494428042	-0.13579912193655266
	115352.12702448505	-0.17209831548146465
	115352.24910468966	-0.03789423162811041
	115352.37118489428	-0.06742142808738735
	115352.4932650989	-0.2725718089544777
	115352.61534530352	-0.0728820771902645
	115352.73742550814	-0.04685916366799487
	115352.85950571277	-0.18014256166572892
	115352.98158591738	0.03859924231599554
	115353.103666122	-0.05807125961155695
	115353.22574632663	-0.11117174040115277
	115353.34782653124	0.02846306363492609
	115353.46990673586	-0.14259937647788376
	115353.59198694049	-0.02028951736404435
	115353.7140671451	0.18859381250147392
	115353.83614734972	0.11898506154165536
	115353.95822755435	-0.13339172863236862
	115354.08030775897	-0.11080974731080939
	115354.20238796358	-0.07616946609946953
	115354.32446816821	0.029892673937892723
	115354.44654837283	0.0436151884568217
	115354.56862857744	0.1526352286407422
	115354.69070878207	0.18219429911614368
	115354.81278898669	0.06825867050675505
	115354.9348691913	0.025141217045920546
	115355.05694939593	-0.22895933196555932
	115355.17902960055	-0.08097278407964026
	115355.30110980516	-0.12852826671288622
	115355.4231900098	-0.002013481300622454
	115355.54527021441	-0.19015923003483756
	115355.66735041903	-0.18295448411585583
	115355.78943062366	-0.12083182736091834
	115355.91151082827	-0.19563555059336873
	115356.03359103289	-0.17298525192381453
	115356.15567123752	-0.08377449023535437
	115356.27775144213	-0.13744884998937898
	115356.39983164675	-0.02609224513720659
	115356.52191185138	0.19362631494406915
	115356.643992056	-0.02335689417132655
	115356.76607226061	-0.07836493258306004
	115356.88815246524	-0.021524879757164262
	115357.01023266985	-0.09891385271121131
	115357.13231287447	-0.07912060532775422
	115357.2543930791	-0.24405533812036548
	115357.37647328372	-0.09642052748715887
	115357.49855348833	-0.17611302178049573
	115357.62063369296	-0.13981051578661077
	115357.74271389758	-0.1470466474793909
	115357.86479410219	-0.0011346529282305262
	115357.98687430682	0.12399637170700409
	115358.10895451144	0.00042945841432031755
	115358.23103471605	0.1045151210550505
	115358.35311492068	0.04042896409990351
	115358.4751951253	0.0014183905134353813
	115358.59727532991	-0.09749426761782633
	115358.71935553454	-0.21939491969097014
	115358.84143573916	0.04687741290591647
	115358.96351594377	-0.030918668326447706
	115359.0855961484	0.09396999200152689
	115359.20767635302	-0.13257945438894633
	115359.32975655764	-0.2093725100795869
	115359.45183676227	0.053249171259319515
	115359.57391696688	-0.0063971295255862955
	115359.6959971715	-0.03360978854821097
	115359.81807737613	-0.02102182106213289
	115359.94015758074	0.009719690907868754
	115360.06223778536	0.1511597565037831
	115360.18431798999	0.057836390460531455
	115360.3063981946	-0.014524355764934169
	115360.42847839922	0.10616834722380677
	115360.55055860385	-0.0656528259172198
	115360.67263880846	-0.013248546874390714
	115360.79471901308	0.013777078155325433
	115360.91679921771	0.07420429877053354
	115361.03887942233	-0.22031283997275714
	115361.16095962694	0.045627210338032964
	115361.28303983157	0.10460589394966882
	115361.40512003619	-0.052426218607203784
	115361.5272002408	0.038707691321214266
	115361.64928044543	-0.194829897843137
	115361.77136065005	-0.09091322982518635
	115361.89344085466	-0.02681874114880042
	115362.0155210593	-0.03067760085930934
	115362.13760126391	-0.049479263109645524
	115362.25968146852	0.06968993701100519
	115362.38176167315	-0.07611499161140745
	115362.50384187777	-0.14700434886545774
	115362.6259220824	0.05946514070742939
	115362.74800228701	0.1182212913156653
	115362.87008249163	-0.0474483857832614
	115362.99216269626	-0.22477064907340039
	115363.11424290088	-0.04620436496827154
	115363.23632310549	0.08386171893365119
	115363.35840331012	-0.07411540585620835
	115363.48048351474	0.12510592254389669
	115363.60256371935	0.12793685552659384
	115363.72464392398	0.11249796526552625
	115363.8467241286	0.19578353722863215
	115363.96880433321	0.14665970501756687
	115364.09088453784	-0.041182334129361245
	115364.21296474246	-0.013607516123497284
	115364.33504494707	0.026724408042889
	115364.4571251517	-0.008905603087645798
	115364.57920535632	0.02302508284761612
	115364.70128556094	-0.03632336093720559
	115364.82336576557	0.03451449559611296
	115364.94544597018	0.07543392390299643
	115365.0675261748	0.11574533790156252
	115365.18960637943	-0.09936414927877582
	115365.31168658404	-0.1834135681859673
	115365.43376678866	-0.06996242801711088
	115365.55584699329	0.06544639088299262
	115365.6779271979	0.08109952978312042
	115365.80000740252	0.09581161217575711
	115365.92208760715	0.07263243006391143
	115366.04416781176	-0.12026304822498053
	115366.16624801638	-0.10632839610968893
	115366.28832822101	-0.2670490915547435
	115366.41040842563	0.1149729821122668
	115366.53248863024	0.004424533519541788
	115366.65456883487	0.06304127472261564
	115366.77664903949	0.05146224245804835
	115366.8987292441	0.013385789481862195
	115367.02080944873	-0.0009679890774339112
	115367.14288965335	-0.09330862929690444
	115367.26496985796	-0.14858116220544637
	115367.38705006259	0.05469357554311338
	115367.50913026721	-0.022255152329721726
	115367.63121047182	0.03145153550681949
	115367.75329067645	0.07267552075185217
	115367.87537088107	0.265485579664689
	115367.99745108568	0.09191858979875561
	115368.11953129031	0.013336046192804062
	115368.24161149493	0.10094154936877386
	115368.36369169955	-0.03490247210869397
	115368.48577190418	-0.11978035521047704
	115368.60785210879	0.1011819535439921
	115368.7299323134	0.057053327966980025
	115368.85201251804	-0.05389688163632768
	115368.97409272265	0.037626009532528384
	115369.09617292727	0.14435280113146406
	115369.2182531319	0.10543817677543153
	115369.34033333651	0.17338275064476882
	115369.46241354113	0.08437103004958771
	115369.58449374576	-0.029206662360172966
	115369.70657395037	-0.06146205390374006
	115369.82865415499	-0.18691174021973414
	115369.95073435962	0.006816838525652857
	115370.07281456424	0.13718916855481908
	115370.19489476885	-0.04576104480113926
	115370.31697497348	-0.03218197010527278
	115370.4390551781	-0.07884528063999932
	115370.56113538271	-0.011626643308473265
	115370.68321558734	0.07574060388242639
	115370.80529579196	0.28075387225241827
	115370.92737599657	0.15024215039892566
	115371.0494562012	0.05379560019120078
	115371.17153640583	-0.060743325937249494
	115371.29361661045	0.03247479710898059
	115371.41569681508	0.14263388321649703
	115371.5377770197	0.06587158973257234
	115371.65985722431	0.1114206212916075
	115371.78193742894	0.030692755841775166
	115371.90401763355	0.21463284417605907
	115372.02609783817	0.2915496888386302
	115372.1481780428	-0.02725748125966531
	115372.27025824742	-0.047063072234958564
	115372.39233845203	-0.07669742184049583
	115372.51441865666	0.11841763982372046
	115372.63649886128	0.14714159704347587
	115372.75857906589	0.02872810567610403
	115372.88065927052	-0.15527134336338191
	115373.00273947514	0.023155261011613533
	115373.12481967975	0.11891027209932037
	115373.24689988438	0.1559447144111835
	115373.368980089	-0.008366086557104519
	115373.49106029361	-0.18402773554919677
	115373.61314049824	-0.12900751363396637
	115373.73522070286	0.07282794593190954
	115373.85730090748	0.17460766625024168
	115373.9793811121	-0.047989571016100255
	115374.10146131672	-0.016017075824792313
	115374.22354152134	-0.07385746132882534
	115374.34562172597	-0.11444571040223742
	115374.46770193058	-0.04840753767508374
	115374.5897821352	-0.0712256490126746
	115374.71186233983	0.004294508881751265
	115374.83394254444	-0.03113779777973653
	115374.95602274906	0.015324189219332976
	115375.07810295369	0.21106909482899025
	115375.2001831583	0.11082318564661006
	115375.32226336292	0.16809512971520796
	115375.44434356755	0.14355636346952996
	115375.56642377216	0.08331693062504761
	115375.68850397678	0.12909917483281383
	115375.81058418141	-0.1824949946945318
	115375.93266438603	-0.1299159437223325
	115376.05474459064	0.03164727303152399
	115376.17682479527	-0.15669032600263327
	115376.29890499989	-0.2824465384084035
	115376.4209852045	0.09497564279215805
	115376.54306540913	0.05648933789954516
	115376.66514561375	-0.15919034357096695
	115376.78722581836	-0.048745347688081545
	115376.909306023	-0.07540635520294789
	115377.03138622761	0.07322523740144272
	115377.15346643222	0.07627100737971017
	115377.27554663685	0.23803414382324323
	115377.39762684147	0.11766138918460294
	115377.51970704609	-0.1811415366106672
	115377.64178725072	-0.2758520404495393
	115377.76386745533	-0.09467266093911117
	115377.88594765995	-0.10126923321751957
	115378.00802786458	-0.05653417857118179
	115378.13010806919	-0.1433011155451929
	115378.25218827381	-0.03476063701275353
	115378.37426847844	-0.04910493781355203
	115378.49634868305	-0.02446949436896475
	115378.61842888767	0.10282161255233926
	115378.7405090923	0.06198638210795413
	115378.86258929691	0.005450098227965082
	115378.98466950153	-0.17947514984995094
	115379.10674970616	-0.031484507162294104
	115379.22882991077	-0.07083557428478456
	115379.35091011539	0.021924859774112467
	115379.47299032002	0.1469400324633475
	115379.59507052464	-0.03484571103952075
	115379.71715072925	0.013315680091565824
	115379.83923093388	-0.012735688818427716
	115379.9613111385	-0.08524769754786912
	115380.08339134311	-0.14151808555718323
	115380.20547154774	-0.13442145992802512
	115380.32755175236	-0.2888761825014469
	115380.44963195697	-0.3444032346862606
	115380.5717121616	-0.025079716430249803
	115380.69379236622	0.15055061458033572
	115380.81587257083	-0.06558364755601323
	115380.93795277546	-0.16483792750828663
	115381.06003298008	0.061909513483832994
	115381.1821131847	0.16867520882348486
	115381.30419338933	0.1088315088993214
	115381.42627359394	0.10122105086680473
	115381.54835379856	0.11736081817395137
	115381.67043400319	-0.06756169316760158
	115381.7925142078	0.003052388672113658
	115381.91459441242	-0.12762026466633208
	115382.03667461705	0.1287770677004149
	115382.15875482166	0.053770122683598
	115382.28083502628	-0.0739798543844257
	115382.40291523091	-0.1703609777988432
	115382.52499543552	-0.04443432794125703
	115382.64707564014	0.29039069443241705
	115382.76915584477	0.2151773992236546
	115382.89123604939	0.16819224491690327
	115383.01331625402	0.11771610611052757
	115383.13539645863	-0.003573418588457408
	115383.25747666325	0.0337926368674717
	115383.37955686788	0.061978983799819726
	115383.50163707249	-0.04767013630028874
	115383.6237172771	0.027474393725377383
	115383.74579748174	0.04009199101443274
	115383.86787768635	-0.1344946366026453
	115383.98995789097	-0.16622244718191548
	115384.1120380956	0.07689211393133355
	115384.23411830021	-0.005915180789304552
	115384.35619850483	-0.04791775481567217
	115384.47827870946	0.0015034063957982686
	115384.60035891407	-0.003003310883046016
	115384.72243911869	0.011860492556990872
	115384.84451932332	-0.01726629167856275
	115384.96659952794	-0.12234367903370948
	115385.08867973255	0.008524809550295444
	115385.21075993718	0.07989930111512944
	115385.3328401418	0.06018127075923074
	115385.45492034641	0.24674695993333542
	115385.57700055104	0.04533520507219787
	115385.69908075566	0.006101602701073197
	115385.82116096027	0.09710768759900958
	115385.9432411649	-0.17417444039061922
	115386.06532136952	0.008174560398915936
	115386.18740157413	-0.0743982708422847
	115386.30948177876	0.08896055399046054
	115386.43156198338	0.10620778069456252
	115386.553642188	-0.01364047556415654
	115386.67572239263	-0.06625493503212529
	115386.79780259724	-0.2415969654072544
	115386.91988280186	0.08322166843164966
	115387.04196300649	-0.09668434338029155
	115387.1640432111	-0.03749066527549443
	115387.28612341572	-0.15302912913083738
	115387.40820362035	-0.14855487029266906
	115387.53028382496	-0.0019066875650618849
	115387.65236402958	0.07925150274769187
	115387.77444423421	-0.2210788559853477
	115387.89652443882	-0.11038539200596219
	115388.01860464344	-0.20021873392954695
	115388.14068484807	0.04314958400205064
	115388.26276505268	-0.036407877934964215
