	115206.36326016829	-0.007643378586518368
	115206.4853403729	0.0868528362165214
	115206.60742057752	0.31040967435112954
	115206.72950078215	0.33097430721807575
	115206.85158098677	0.3221552233567512
	115206.97366119138	0.44254802725595543
	115207.09574139601	0.5376238154670442
	115207.21782160063	0.742391735770655
	115207.33990180524	0.5991542936605967
	115207.46198200987	0.2207470482095728
	115207.58406221449	0.1304823304677696
	115207.7061424191	0.40193662802708074
	115207.82822262374	0.43353327475064807
	115207.95030282835	0.5258368453430429
	115208.07238303297	0.7114146786494463
	115208.1944632376	0.7786029792515448
	115208.31654344221	0.7027510647770716
	115208.43862364683	0.7227672576615508
	115208.56070385146	0.6768135403280213
	115208.68278405607	0.6023827194258337
	115208.80486426069	0.3435557849989696
	115208.92694446532	-0.025151578163624944
	115209.04902466993	-0.2542853910048888
	115209.17110487455	-0.29107351627582295
	115209.29318507918	-0.5871998093055382
	115209.4152652838	-0.5323481212436222
	115209.53734548841	-0.4492372060890451
	115209.65942569304	-0.7777966342424995
	115209.78150589766	-0.39946472176073594
	115209.90358610227	-0.2826853432698031
	115210.0256663069	-0.3822953420890615
	115210.14774651152	-0.2530244729133708
	115210.26982671613	-0.3490669893436226
	115210.39190692076	-0.26459944878222424
	115210.51398712538	-0.3940092491673885
	115210.63606733	-0.5071998175481786
	115210.75814753462	-0.18639146748837326
	115210.88022773924	-0.15243456513080222
	115211.00230794385	-0.32742727272909267
	115211.12438814848	-0.1804508449926395
	115211.2464683531	-0.15328773692712505
	115211.36854855772	-0.31094415430122474
	115211.49062876235	-0.37458852473355053
	115211.61270896696	-0.4240753215372723
	115211.73478917158	-0.3752361728723787
	115211.8568693762	-0.49000112536126217
	115211.97894958082	-0.20270716729918004
	115212.10102978544	-0.3873663109668722
	115212.22310999007	-0.6208349929573483
	115212.34519019468	-0.3976174401992071
	115212.4672703993	-0.4375852850803335
	115212.58935060393	-0.42668630190203116
	115212.71143080854	-0.4467083667211894
	115212.83351101316	-0.5760569222227189
	115212.95559121779	-0.5270240081286485
	115213.0776714224	-0.4834541146508472
	115213.19975162702	-0.2079399108165255
	115213.32183183165	-0.13106071850774473
	115213.44391203627	-0.2097069442422926
	115213.56599224088	0.06668426606148872
	115213.68807244551	0.3272553758385603
	115213.81015265013	0.6495019726782169
	115213.93223285474	0.7909734703729107
	115214.05431305937	0.8549826149564068
	115214.17639326399	0.977115600039004
	115214.2984734686	0.9338098501052872
	115214.42055367323	0.6682466085359084
	115214.54263387785	0.4755217236314133
	115214.66471408246	0.15741943569267822
	115214.7867942871	-0.016471922622996512
	115214.90887449171	-0.013816102431965165
	115215.03095469633	-0.17500866924690117
	115215.15303490096	-0.17917102429529116
	115215.27511510557	0.036403143430511965
	115215.39719531019	0.17228608462900274
	115215.51927551482	0.07062434554715054
	115215.64135571943	-0.02479767085066716
	115215.76343592405	0.24581914530407176
	115215.88551612868	0.1726778726304804
	115216.0075963333	-0.018882815496118824
	115216.12967653791	0.0827894462673797
	115216.25175674254	0.08503463912511346
	115216.37383694715	0.06018075639657001
	115216.49591715177	-0.004289890595102932
	115216.6179973564	-0.14600867835205583
	115216.74007756101	0.021961017028627898
	115216.86215776563	0.14988435358340957
	115216.98423797026	0.289054517261885
	115217.10631817488	0.17494242357859774
	115217.22839837949	-0.14259654044412004
	115217.35047858412	-0.28364718905092856
	115217.47255878874	-0.6257314530874859
	115217.59463899335	-0.764449938236852
	115217.71671919798	-0.7096749398728323
	115217.8387994026	-0.2830174379360916
	115217.96087960721	0.12559192897033808
	115218.08295981184	0.25507069703993973
	115218.20504001646	0.13808488138907213
	115218.32712022107	0.23951072278241875
	115218.4492004257	0.2497892044958255
	115218.57128063032	0.31707154534008775
	115218.69336083494	0.3936525885778528
	115218.81544103957	0.36403295079568404
	115218.93752124418	0.46632612038177634
	115219.0596014488	0.6019973183655215
	115219.18168165343	0.43175484458632113
	115219.30376185804	0.454732812288486
	115219.42584206266	0.5666437451710136
	115219.54792226729	0.28177498011623703
	115219.6700024719	0.7065516101209868
	115219.79208267652	0.5572056024157579
	115219.91416288115	0.41667075086233957
	115220.03624308576	0.4362292888538822
	115220.15832329038	0.30912024058860044
	115220.28040349501	0.4493500866015213
	115220.40248369963	0.5889127829358994
	115220.52456390424	0.46215610262138074
	115220.64664410887	0.4816135244436278
	115220.76872431349	0.7521440974429034
	115220.8908045181	0.5522310571849972
	115221.01288472273	0.5280966875424472
	115221.13496492735	0.34650201205098224
	115221.25704513196	0.32255533307167905
	115221.37912533659	0.339460691690998
	115221.50120554121	0.519102627893319
	115221.62328574582	0.6445550518502322
	115221.74536595045	0.6163219167463695
	115221.86744615507	0.49992573579213573
	115221.98952635968	0.4318664774900763
	115222.11160656431	0.49193604579682787
	115222.23368676893	0.45802479010958885
	115222.35576697355	0.44918957872992776
	115222.47784717818	0.5339620313541158
	115222.59992738279	0.4071917263597619
	115222.7220075874	0.3450973256997646
	115222.84408779204	0.37294408212500385
	115222.96616799665	0.35935392994979587
	115223.08824820127	0.36996635523073157
	115223.2103284059	0.17993310744553165
	115223.33240861051	0.2886859541923857
	115223.45448881513	0.49195229488708386
	115223.57656901976	0.5135014156435989
	115223.69864922437	0.6122890159175501
	115223.82072942899	0.6865954972756596
	115223.94280963362	0.8776403245322616
	115224.06488983824	0.7941846841346079
	115224.18697004285	0.9751924745261417
	115224.30905024748	0.9811534551506187
	115224.4311304521	1.0796692411333573
	115224.55321065671	1.0171312296228665
	115224.67529086134	1.1256823576057549
	115224.79737106596	0.9573591816792099
	115224.91945127057	1.180703444694507
	115225.0415314752	1.0984606477440508
	115225.16361167982	1.2570790625461414
	115225.28569188443	1.2677700542921375
	115225.40777208906	1.153134108409733
	115225.52985229368	1.183603443769176
	115225.6519324983	1.2758048279312502
	115225.77401270292	1.1301035489253346
	115225.89609290754	1.305920640490207
	115226.01817311216	1.2231453535947747
	115226.14025331679	1.1823422751940962
	115226.2623335214	1.4777733693211272
	115226.38441372602	1.2596807231205456
	115226.50649393065	1.1280017281970371
	115226.62857413528	1.2503623669727952
	115226.7506543399	1.2223416104260456
	115226.87273454452	1.021331116915619
	115226.99481474914	0.9349899810913535
	115227.11689495377	0.7396779418734756
	115227.23897515838	0.5801676542162303
	115227.361055363	0.7175123484428731
	115227.48313556763	0.7719466955050239
	115227.60521577224	0.6269802879439403
	115227.72729597686	0.5230709639127789
	115227.84937618149	0.5683169322334075
	115227.9714563861	0.5115384811642618
	115228.09353659072	0.6221356246637479
	115228.21561679535	0.38326752336056674
	115228.33769699997	0.4968825747081726
	115228.45977720458	0.6936436061117216
	115228.58185740921	0.4208038466690282
	115228.70393761383	0.4863236615545235
	115228.82601781844	0.451016214660724
	115228.94809802307	0.5426984426779509
	115229.07017822769	0.6264417717782612
	115229.1922584323	0.590962683036505
	115229.31433863693	0.28531057860102627
	115229.43641884155	0.4467965082411235
	115229.55849904616	0.5579001424399904
	115229.6805792508	0.6375913845063754
	115229.80265945541	0.23033790070305232
	115229.92473966003	0.41244337452166185
	115230.04681986466	0.5481120141056152
	115230.16890006927	0.5303487734657997
	115230.29098027389	0.6222232194429042
	115230.41306047852	0.6656981327586425
	115230.53514068313	0.5703579193978701
	115230.65722088775	0.3305224277824345
	115230.77930109238	0.5081306375775848
	115230.901381297	0.6308880162080502
	115231.02346150161	0.35545339128367004
	115231.14554170624	0.647606000097169
	115231.26762191085	0.6843855315169826
	115231.38970211547	0.7616092256385428
	115231.5117823201	0.803825669699213
	115231.63386252472	0.998614237508288
	115231.75594272933	1.0074593207531088
	115231.87802293396	1.115786567346197
	115232.00010313858	1.3144842061415931
	115232.12218334319	1.2713033037330628
	115232.24426354782	1.4076697033146408
